143 923 22
180 3 7
180 3 16
56 851 13
153 208 13
159 530 1
159 530 24
159 530 9
171 250 4
215 706 24
215 706 16
215 706 17
384 319 23
387 990 25
387 990 25
387 990 8
639 807 25
651 806 2
271 20 2
275 43 17
275 43 4
280 358 24
280 358 13
281 496 25
281 496 8
281 496 25
281 496 8
281 496 12
295 112 4
295 112 4
299 536 25
299 536 17
302 363 24
302 363 17
305 713 24
305 713 5
309 45 2
310 180 2
318 573 0
318 573 7
318 573 17
329 658 25
331 57 7
341 751 1
341 751 25
342 513 25
353 510 9
353 510 23
358 539 9
358 539 22
358 539 22
360 407 7
360 407 17
360 407 3
360 407 22
362 678 16
363 499 16
363 755 17
364 416 16
374 949 1
374 949 8
374 949 7
374 949 13
374 949 23
382 408 16
382 408 3
387 270 16
387 270 2
403 587 12
416 711 12
423 146 17
423 146 12
423 146 5
436 185 8
436 185 17
438 378 7
438 378 16
442 964 4
451 62 25
455 415 23
461 796 22
469 560 7
469 560 16
469 560 13
476 765 17
477 157 16
477 157 13
479 151 24
485 33 23
489 951 0
489 951 24
489 951 9
489 951 7
489 951 13
489 951 2
489 951 3
489 951 4
489 951 5
498 851 16
498 851 22
499 52 2
499 52 22
504 553 23
515 880 3
528 268 12
548 635 6
548 635 17
548 635 12
549 96 24
549 96 3
551 259 1
551 259 5
551 954 5
558 150 3
563 708 25
563 708 3
570 243 25
570 243 6
570 243 17
570 985 1
570 985 9
573 106 6
573 106 2
581 640 22
589 363 25
589 363 16
589 363 5
594 86 22
594 86 22
88 473 17
88 473 12
88 473 3
226 821 0
226 821 16
226 821 13
226 821 5
137 24 8
146 468 7
150 745 16
167 985 24
167 985 25
167 985 3
169 244 0
169 244 6
169 244 2
170 10 6
170 10 6
170 10 17
170 10 17
170 10 12
170 10 17
170 10 12
178 419 0
178 419 17
216 585 2
216 585 23
216 585 4
221 896 25
221 896 8
221 896 13
221 896 2
221 896 22
221 896 5
223 5 24
223 5 25
250 450 7
250 450 7
250 450 22
257 579 0
306 920 7
308 41 1
308 41 23
311 713 0
311 713 17
311 713 23
326 55 0
326 55 1
326 55 22
326 55 5
338 437 25
338 437 23
338 437 4
344 920 4
386 296 3
391 954 25
391 954 12
411 134 7
85 91 17
99 52 24
99 52 17
99 52 12
99 52 4
100 10 9
114 421 25
11 757 22
11 757 5
121 929 1
121 929 1
121 929 7
121 929 3
121 929 22
122 13 6
122 13 16
125 967 8
129 997 24
129 997 13
129 997 22
21 148 8
21 859 24
23 113 9
24 177 13
24 177 22
37 380 25
37 380 8
40 341 24
40 341 6
42 620 25
42 620 23
45 17 17
45 17 2
48 851 6
52 612 23
52 645 2
52 645 23
58 5 16
58 5 13
58 5 22
5 930 7
5 930 2
69 895 8
72 868 7
72 868 17
72 868 13
72 868 22
72 918 17
72 918 17
73 484 4
74 960 5
75 237 8
75 237 23
75 237 4
75 284 16
75 284 2
80 252 16
80 252 13
82 586 0
82 586 17
85 336 16
85 336 13
85 336 5
85 790 0
85 790 25
96 336 1
96 336 24
1039 828 22
1039 828 23
1225 192 25
1225 192 8
177 82 24
180 267 0
180 267 0
180 267 8
185 63 12
186 18 2
186 18 22
193 847 24
193 847 24
193 847 3
198 607 24
198 607 24
199 804 17
200 811 0
200 811 17
200 811 4
217 92 12
228 716 24
228 716 23
228 716 4
232 401 1
232 401 16
232 401 23
232 401 4
239 754 24
243 569 6
248 525 1
248 525 24
248 525 7
249 985 25
249 985 7
249 985 12
259 681 24
259 681 12
259 681 13
259 681 22
259 681 22
259 681 5
261 286 23
262 386 23
265 884 9
292 311 22
296 318 8
296 318 8
296 318 4
298 353 0
303 30 12
305 41 22
310 834 8
310 834 2
310 834 2
310 834 23
310 834 23
310 834 4
333 761 2
335 823 8
347 827 8
352 40 13
352 732 0
352 732 25
356 191 0
375 2 5
376 437 4
380 413 24
380 413 9
382 430 25
382 430 6
382 430 12
422 989 4
426 124 8
426 124 6
426 124 23
434 836 9
435 563 17
435 563 17
436 577 16
436 577 16
436 577 2
439 250 16
439 250 3
441 725 1
441 725 24
445 116 0
445 116 2
459 782 5
459 782 5
470 454 8
476 910 3
476 910 5
478 389 8
478 389 13
478 389 5
496 712 25
496 712 7
497 0 22
512 894 0
512 894 24
512 894 9
512 894 23
514 855 2
514 855 23
517 786 17
517 786 12
531 613 17
578 445 22
578 445 22
578 566 25
586 589 1
586 589 24
587 764 25
587 764 17
598 871 24
598 871 7
598 871 16
598 871 4
605 130 8
605 130 13
609 801 24
623 261 3
649 491 1
657 523 23
675 509 6
675 509 2
905 299 23
110 789 24
113 294 5
127 77 24
127 77 24
127 77 16
127 77 13
127 77 23
127 77 4
141 548 0
144 215 13
144 215 22
152 510 8
152 510 2
152 510 23
1604 80 0
1604 80 25
1604 80 2
1619 142 13
161 838 17
161 838 2
161 838 3
1629 976 24
1629 976 17
1629 976 12
1629 976 4
1651 324 6
1651 324 17
1654 387 16
1654 387 13
1659 823 23
1673 701 0
1683 477 22
1698 119 0
1698 119 24
1705 372 16
1705 372 13
1711 100 17
1711 100 3
1718 343 1
1718 343 9
171 942 24
171 942 7
171 942 3
1725 586 0
1725 586 1
1725 586 9
1725 586 9
1725 586 17
1725 586 12
1733 584 1
1733 584 16
1742 302 4
1743 257 1
1743 257 24
1743 257 9
1743 257 13
1751 379 0
1751 379 22
1767 650 25
1767 650 25
1767 650 7
1767 650 16
1767 650 13
1783 520 17
1783 520 4
1786 798 16
1787 286 1
1796 57 25
1796 57 6
1796 57 12
179 350 12
179 350 12
179 350 23
179 350 23
1802 524 24
1802 524 22
1802 524 4
1805 483 16
1805 483 4
1806 288 8
1807 255 1
1807 255 9
1809 792 6
1825 640 6
1825 640 17
1825 640 13
1829 842 25
1829 842 6
1836 49 13
1840 677 25
1840 677 17
1848 141 22
1849 369 1
1849 369 24
1849 369 7
1849 369 16
1849 369 4
1855 628 25
1855 628 8
1855 628 17
1855 628 4
1855 628 4
1856 466 0
1875 542 0
1875 542 9
1875 542 17
1877 519 25
1878 969 2
1878 969 23
1878 969 5
1903 185 24
1903 185 3
1928 936 25
1937 324 23
1937 324 4
1938 828 17
1942 286 16
1942 286 22
1953 619 7
1953 619 16
1953 619 7
1953 619 16
1953 619 3
1953 619 22
1986 423 0
1986 423 17
1988 84 7
1990 947 1
2002 202 12
2003 875 8
2017 412 25
2017 412 4
2045 526 23
2053 758 9
2053 758 23
2072 176 9
2072 176 16
2085 318 1
2085 318 1
2085 318 9
2085 318 9
2086 770 12
2115 107 17
2117 410 13
2121 412 25
2121 412 3
2121 412 22
2121 412 22
2126 255 25
2126 255 13
2161 59 22
2161 59 5
2169 806 7
2169 806 13
2169 850 25
2174 432 25
2174 432 17
2174 432 12
2174 432 22
219 261 24
219 261 24
219 261 16
219 261 16
2205 468 25
2205 468 3
2212 230 24
2218 141 23
2218 455 2
2218 455 23
2218 455 23
2218 455 4
2266 581 2
2266 581 23
226 475 23
226 475 4
226 711 16
226 711 13
2303 248 25
2303 248 25
2303 248 6
2303 248 17
2303 248 2
2303 248 23
2306 110 9
2330 551 9
2330 551 17
2330 551 12
2339 431 7
2339 431 16
2389 445 24
2389 445 25
2389 445 16
2389 445 13
2414 829 0
2414 829 25
2414 829 25
2414 829 16
2415 476 8
2421 85 13
2421 85 2
2427 829 7
2427 829 3
345 15 2
345 15 22
345 15 5
348 220 24
348 749 0
348 749 1
348 749 6
348 749 17
356 362 12
377 290 24
377 290 22
385 381 24
385 381 23
389 605 8
392 224 22
411 421 9
413 216 1
414 79 4
426 732 17
426 732 3
426 732 4
445 142 17
458 308 3
458 308 22
466 35 7
471 963 0
471 963 17
471 963 2
474 414 0
474 414 16
475 943 8
475 943 22
475 943 23
476 659 9
487 419 16
495 635 16
495 635 13
495 635 3
495 635 22
495 635 3
495 635 22
497 435 17
497 435 12
497 435 5
508 726 9
508 726 16
519 228 25
519 228 12
520 84 22
527 643 6
551 493 6
557 500 6
557 500 16
558 951 24
558 951 16
558 951 13
561 331 13
561 331 23
570 44 2
570 44 22
572 942 23
572 942 4
581 41 16
581 41 13
581 41 23
587 5 2
587 5 3
595 674 7
595 674 16
600 282 24
600 282 25
600 282 5
619 658 2
626 374 0
626 374 9
626 374 13
626 374 23
626 374 4
645 991 7
645 991 2
645 991 23
650 978 16
655 22 13
658 569 6
658 569 6
658 569 17
658 569 17
666 119 17
668 970 16
668 970 22
672 91 13
704 129 24
704 129 7
704 129 16
704 129 13
720 570 24
720 570 9
724 294 24
748 275 22
748 275 5
755 590 9
755 590 12
755 590 23
755 590 4
768 984 25
768 984 17
768 984 13
780 55 2
800 322 22
803 854 24
803 854 9
803 854 13
804 313 23
804 313 4
805 263 8
824 388 1
824 388 6
824 388 2
837 391 0
837 391 6
837 391 17
837 391 23
839 506 2
839 506 3
839 506 4
839 506 5
877 637 1
1056 905 4
1071 925 25
1109 353 25
1109 353 25
1122 118 6
1129 554 6
1145 658 0
1174 928 7
1185 714 4
1185 793 25
1185 793 7
1185 793 17
1187 626 8
1192 492 25
1192 492 7
1192 492 22
1201 561 24
1201 561 2
1203 60 6
1203 60 16
1207 871 8
1211 801 25
1211 801 8
1211 801 12
1216 590 17
1216 590 12
1216 590 4
1224 417 0
1224 417 25
1225 444 1
1231 499 7
1231 499 23
1235 954 16
1241 663 2
1247 547 17
1396 72 25
1396 72 8
1396 335 1
1396 335 24
1401 794 25
1411 609 12
1414 839 16
1414 839 16
1417 457 5
1427 421 6
1429 478 6
1432 850 0
1432 850 24
1446 263 7
1454 59 9
1454 59 5
1861 628 2
1869 147 25
1880 667 9
1880 667 6
1880 667 22
1919 691 13
1938 573 1
1948 24 0
1948 24 17
1948 24 12
1948 24 23
1948 24 4
1948 121 25
2023 743 0
2030 928 6
2030 928 16
2030 928 13
2043 857 1
2043 857 7
2043 857 16
2400 774 25
2400 774 16
2400 774 13
2400 860 1
2400 860 3
2400 860 22
2418 456 25
2418 456 17
2418 456 12
2427 742 2
2427 742 23
2432 128 6
2432 128 16
2432 128 12
2437 804 6
2456 863 3
2464 354 23
2467 646 3
2467 646 22
2493 60 24
2493 60 9
2493 60 16
2493 60 22
2493 60 5
2497 250 9
2500 579 17
2500 579 2
2500 579 23
2500 682 16
2519 919 1
2519 919 9
2535 33 1
2542 97 25
2542 97 7
2542 97 17
2542 97 12
2543 634 17
2549 760 2
2549 760 23
2553 433 16
2563 637 17
2567 874 1
2585 547 8
2585 547 12
2585 547 12
2585 547 22
2585 547 22
2588 635 1
2588 635 2
2605 519 17
2605 519 23
2608 654 24
2608 654 7
2625 295 3
2625 941 17
2625 941 2
2639 263 16
2639 263 17
2666 230 2
2672 679 25
2672 679 22
2676 830 12
2676 830 23
2713 755 8
2713 755 13
2713 755 3
2729 902 7
2729 902 16
2729 902 22
2767 66 2
2767 66 23
2785 256 1
2785 256 25
2785 256 8
2785 256 16
2785 405 2
2788 470 24
2788 470 9
2788 470 23
2788 470 4
2803 690 23
2805 64 25
2805 64 6
2805 64 17
2819 806 7
2823 700 17
2826 938 13
2826 938 13
2826 938 2
2826 938 4
2826 938 4
2885 372 24
2885 372 6
2885 372 17
2885 372 2
2885 372 4
2901 404 1
2901 404 7
350 947 7
359 454 9
359 454 2
359 461 2
369 420 24
369 420 7
371 3 25
384 181 4
384 256 0
384 256 24
384 256 8
384 256 23
384 492 24
384 492 22
387 569 25
387 569 5
548 71 24
548 71 7
548 71 16
548 124 1
548 124 24
566 880 0
566 880 25
583 477 3
583 477 22
583 477 3
583 477 22
589 687 7
590 842 7
590 842 7
590 842 13
591 364 25
591 364 16
591 364 16
591 364 13
591 364 13
591 364 22
598 537 22
603 383 9
603 383 2
627 791 1
627 791 24
629 293 24
629 293 13
629 417 1
629 417 13
629 417 23
632 925 25
669 889 0
669 889 25
669 889 2
696 703 17
696 703 12
696 703 23
704 268 2
704 268 23
705 939 7
705 939 2
727 133 17
727 133 12
734 264 24
734 274 1
734 274 1
734 274 8
741 510 8
741 510 6
741 510 2
741 510 22
741 510 4
748 80 25
748 80 8
748 80 12
748 80 23
752 396 0
752 495 1
758 66 5
759 142 8
759 142 3
763 193 24
763 193 13
764 808 13
772 646 12
774 456 6
782 288 1
782 288 8
782 288 7
782 288 16
782 288 2
782 288 2
782 288 4
782 288 5
809 438 1
809 438 24
811 905 0
811 905 25
811 905 8
817 844 25
817 844 17
833 641 1
833 641 7
833 641 2
833 641 5
848 958 9
873 618 24
874 233 24
874 233 24
874 233 17
888 469 23
897 264 16
899 732 13
901 526 13
902 767 1
902 767 24
930 449 0
930 449 8
930 449 7
930 810 25
1010 618 23
1012 908 23
1012 908 5
1022 785 23
1025 734 17
1026 142 1
1026 142 1
1026 142 9
1026 142 6
1026 142 12
1026 142 3
1026 142 22
1031 87 0
1031 87 6
1031 87 17
1033 829 1
1033 829 24
1033 896 1
1033 896 1
1033 896 13
1042 253 17
1056 340 2
1071 523 6
1071 523 17
1074 207 22
1088 870 25
1136 730 13
1136 730 23
1136 730 4
1136 798 24
1136 798 6
1136 798 6
1136 798 3
1136 798 4
1144 532 17
1144 532 12
1157 491 6
1157 491 17
1174 416 16
1174 416 22
1174 416 4
1192 787 25
1192 787 8
1196 232 17
1196 232 2
1196 232 2
1196 232 4
701 486 4
710 516 8
710 516 17
725 476 2
739 496 16
739 496 13
749 626 17
749 626 12
799 917 0
928 147 13
928 147 5
936 637 23
936 637 4
947 753 22
947 753 4
957 367 24
957 367 16
957 367 3
957 367 22
968 481 8
968 481 16
968 481 4
468 40 25
468 40 22
468 349 13
473 781 2
473 781 23
483 763 22
486 766 7
490 111 12
490 598 23
490 921 8
490 921 3
494 320 13
496 779 0
505 742 1
505 742 24
505 742 7
505 742 3
505 742 22
512 783 3
522 508 0
522 508 25
522 508 8
522 508 16
540 588 16
540 588 2
542 769 12
542 769 4
550 121 24
567 814 7
568 212 17
568 212 23
580 172 24
580 172 9
580 172 4
581 131 13
581 131 3
584 238 0
584 238 9
584 238 12
584 238 23
598 459 8
598 459 9
598 459 2
609 548 7
609 548 22
623 181 25
648 544 9
648 544 16
656 834 1
665 873 24
665 873 7
665 873 16
680 731 16
680 731 16
680 731 3
684 248 12
693 243 5
696 778 23
711 645 0
711 645 17
714 527 2
714 527 2
727 499 25
745 558 22
745 558 5
771 637 3
779 8 8
779 8 4
779 8 4
817 361 0
817 361 25
817 741 0
817 741 8
829 687 0
843 739 25
843 739 17
852 623 1
887 284 25
887 284 3
903 465 25
903 465 8
903 465 6
903 465 13
903 465 22
915 110 25
915 110 6
925 360 5
104 480 5
112 514 5
119 837 6
119 837 16
126 621 25
134 6 23
134 20 25
140 273 2
141 17 25
141 17 17
159 783 3
165 134 5
428 914 6
428 914 2
428 914 3
428 914 4
428 914 5
432 289 16
436 265 22
436 265 5
446 838 1
446 838 4
446 838 5
454 795 9
454 795 23
454 795 4
457 188 9
457 188 2
457 188 4
457 188 4
464 902 1
464 902 17
464 902 2
84 235 6
84 235 17
95 931 2
95 931 2
95 931 23
95 931 23
95 931 4
95 931 23
95 931 4
1023 422 1
1033 886 9
1033 886 12
1053 331 5
1057 496 9
1057 496 12
1057 496 13
438 388 7
439 875 0
439 875 12
461 583 23
482 193 17
482 193 12
482 193 23
482 193 23
485 740 0
505 637 6
505 849 13
509 380 23
525 81 3
526 80 0
526 80 25
526 80 8
526 80 25
526 80 8
528 656 8
528 656 4
529 35 22
530 839 25
558 547 1
616 616 22
626 137 1
626 137 1
634 406 16
634 406 5
657 134 1
670 293 25
670 293 17
685 982 5
691 243 23
718 421 6
718 421 17
733 404 17
733 404 12
735 903 3
735 903 22
743 381 22
753 284 8
753 284 2
767 205 25
767 205 6
772 49 0
772 49 16
772 49 2
778 960 8
778 960 12
799 380 22
836 823 0
836 823 0
836 823 8
836 823 9
850 20 23
850 20 4
883 154 8
924 517 1
924 517 24
924 517 12
949 307 7
959 946 6
975 981 2
975 981 23
977 431 24
977 431 25
978 626 2
979 388 0
979 388 8
979 388 23
988 955 23
993 193 6
993 193 17
1003 828 16
1003 828 17
1009 962 1
1009 962 24
1009 962 12
115 541 25
115 541 2
1181 98 13
1186 952 24
1186 952 13
1192 398 13
1192 398 4
1194 439 3
1196 752 8
1196 752 7
1216 428 6
1217 592 2
1223 188 5
1226 563 7
1226 563 13
1229 938 13
1243 680 23
1246 917 9
1246 917 16
1272 506 12
1272 506 2
128 919 7
128 919 16
128 919 2
128 919 22
128 919 5
1290 23 1
1290 23 25
1290 23 6
1290 23 2
1297 932 23
1313 611 17
1322 885 16
1361 365 24
1373 896 16
1401 632 24
1401 632 7
1416 432 25
1416 432 2
1422 232 25
1422 232 8
1427 433 6
142 13 1
1469 209 24
1469 209 9
1469 209 23
1493 951 13
1493 951 2
1496 572 6
1496 572 17
1496 572 13
1496 572 5
1517 563 1
1517 563 2
1517 563 23
1517 563 5
1520 249 0
1520 249 6
1520 249 17
1520 249 12
1520 249 2
1520 249 4
1557 722 1
1557 722 24
1571 699 25
1571 699 6
160 149 1
160 149 22
160 208 23
160 208 4
1637 331 7
1652 107 8
1652 107 17
1652 107 13
1652 107 3
1652 107 4
1652 107 5
1657 123 8
1657 123 16
1657 123 13
1657 123 2
1657 123 2
171 332 25
171 332 4
1806 269 1
1806 269 24
1806 269 16
1807 78 0
1807 78 13
1820 604 9
1820 604 4
1822 788 6
1822 788 17
1828 888 8
1828 888 5
1833 482 25
1847 169 0
1849 834 13
1849 834 3
1849 834 22
1860 542 7
1860 542 13
1860 542 22
1866 167 22
1866 167 23
1885 774 25
1899 636 9
1899 636 16
1902 32 12
1912 645 8
1916 36 16
1916 36 4
1918 519 24
1918 519 7
1918 519 13
1918 519 5
191 981 17
1945 900 12
1945 900 4
1946 371 17
1946 371 17
1946 371 12
1951 882 6
1951 882 16
1951 882 12
1955 649 13
1955 649 22
1957 424 3
1957 424 22
1970 30 0
1970 30 6
1970 30 2
197 900 6
197 900 17
197 900 2
1998 389 17
2012 490 3
2012 490 22
2017 879 23
2026 695 24
2026 695 16
2026 695 2
2026 695 23
2028 53 1
2028 227 25
2028 227 12
2028 227 3
2028 227 4
2035 848 0
2035 848 25
2037 171 24
2044 482 25
2052 363 25
2052 363 25
2052 363 8
2056 202 0
2056 202 23
2056 202 23
2062 828 6
2062 828 17
2093 13 6
2093 13 6
2093 13 13
2095 484 1
209 391 16
211 791 0
211 791 0
211 916 25
211 916 17
211 916 17
211 916 23
212 632 0
212 632 7
212 632 16
212 632 3
2142 749 6
2142 749 16
2171 670 8
2171 670 17
2198 97 0
2232 919 1
2232 919 4
2262 859 17
2266 809 23
2281 91 13
2281 91 4
22 697 24
22 697 9
24 174 9
299 616 1
299 616 7
299 775 16
307 301 0
307 301 8
307 301 8
308 12 1
308 12 2
313 417 1
313 417 6
313 417 7
313 417 12
313 417 13
313 417 5
326 831 16
326 831 12
347 511 24
347 511 6
352 312 2
352 312 2
352 312 23
352 312 23
366 470 5
388 597 2
38 685 9
395 857 6
395 857 2
406 704 24
406 704 2
416 585 1
428 929 9
428 929 12
428 929 2
442 666 0
442 666 16
442 879 1
442 879 16
445 423 0
466 743 9
466 743 3
481 85 2
481 85 2
481 85 23
481 85 4
481 85 23
481 85 4
490 569 1
490 569 3
490 569 22
494 103 25
494 103 8
494 103 25
494 103 8
517 376 24
517 376 24
517 376 24
517 376 13
517 376 22
517 376 22
517 376 5
517 376 5
518 481 25
518 481 2
518 481 22
518 481 5
51 9 1
541 283 6
58 24 23
695 632 6
695 632 13
702 982 16
712 837 22
723 799 1
723 799 16
736 962 6
736 962 17
736 962 13
741 21 7
743 906 1
743 906 9
743 906 17
752 669 24
752 669 17
761 468 5
768 803 13
787 729 25
787 729 25
78 760 6
803 719 2
807 481 2
813 914 8
813 914 12
813 914 4
816 127 25
816 127 8
818 995 25
818 995 6
818 995 2
819 527 1
819 527 25
819 527 16
819 527 17
819 527 22
833 646 17
833 646 17
843 717 1
843 717 16
843 717 5
848 625 8
848 625 6
848 625 13
848 625 3
853 141 13
853 141 4
857 137 25
857 137 12
857 137 12
870 863 8
873 56 0
873 56 12
877 54 17
877 54 17
890 690 16
890 690 13
890 690 23
890 690 4
904 420 16
904 420 17
908 915 1
908 915 25
916 17 25
916 17 12
952 196 23
967 538 23
975 549 2
975 549 23
975 549 23
975 627 9
975 627 6
97 237 23
1508 298 8
1508 298 23
1715 525 22
1715 525 22
1719 535 25
1779 67 1
1779 67 22
1815 522 25
1815 522 7
1815 522 16
1815 522 23
1959 911 16
1959 911 12
1959 911 5
1962 524 9
1972 693 9
2026 946 7
2033 603 6
2033 603 17
2033 603 3
2033 603 23
2048 129 2
2082 605 1
2311 441 13
2311 441 22
2336 459 24
2336 459 6
2336 459 23
2365 706 13
2365 706 5
2369 921 24
2369 921 13
2380 218 12
2380 218 4
2415 916 0
2415 916 25
2415 916 6
2424 288 0
2481 42 8
2481 42 7
2481 42 16
2481 42 16
2483 154 25
2508 829 6
2508 829 17
2508 829 2
2531 31 25
2531 31 22
3038 862 25
3038 862 25
3038 862 6
3038 862 17
3055 581 24
3076 70 9
3076 70 7
3077 637 1
3077 637 24
3101 92 9
3110 309 23
3110 309 4
3852 507 24
3852 507 25
3852 507 3
3860 591 25
3860 591 25
3860 591 8
3860 591 17
3860 591 12
3864 491 16
3864 491 4
3865 449 3
3881 278 25
3881 278 8
3881 278 12
3895 823 24
3895 823 7
3895 823 16
3895 823 23
3906 242 8
3906 242 6
3906 242 17
3931 960 16
3931 960 13
3933 391 0
3933 391 25
3973 776 3
3973 776 22
3973 776 5
209 462 0
209 462 23
216 743 6
224 791 2
224 791 22
247 2 22
271 157 9
271 940 25
271 940 8
280 424 1
280 424 25
280 424 9
280 424 16
280 424 12
281 942 0
281 942 25
282 611 16
282 611 22
295 287 1
295 287 24
295 287 8
311 491 0
311 491 1
311 491 8
311 491 9
311 491 7
311 491 16
311 491 5
320 703 24
320 703 17
327 609 2
335 381 25
335 381 17
335 381 12
335 381 4
335 381 4
342 28 24
342 28 16
353 772 7
353 772 2
366 757 4
390 986 8
390 986 2
399 760 17
399 760 12
399 760 4
405 388 16
453 308 17
478 149 0
478 149 6
509 475 9
530 107 6
530 107 23
530 107 4
556 559 1
556 559 24
556 559 8
556 559 7
556 559 13
565 918 4
569 911 24
569 911 24
569 911 8
569 911 7
599 461 24
599 461 24
599 461 9
599 461 9
599 461 16
599 461 16
599 461 13
599 461 13
599 461 4
615 746 25
615 746 13
626 459 25
626 459 6
640 939 23
693 373 25
693 373 17
693 373 2
693 373 23
693 373 4
757 537 2
762 291 23
762 291 4
778 698 17
778 698 12
807 11 8
807 11 9
812 894 24
836 869 1
836 869 22
836 869 5
836 890 6
836 890 17
836 890 12
836 890 4
867 172 17
867 172 23
889 413 1
889 413 22
902 586 16
902 586 13
918 560 9
931 688 7
944 131 9
1069 461 8
1069 461 6
1073 529 6
1077 820 1
1085 455 9
1085 455 17
1085 455 22
1085 455 4
1097 471 25
1114 674 6
1115 391 16
1115 593 5
1118 184 22
1123 56 25
1123 56 8
1123 56 16
1124 613 0
1131 644 5
1138 743 7
1138 743 16
1138 743 3
1140 825 7
1147 935 8
1153 980 22
1159 681 16
1159 681 16
1161 677 22
1168 574 6
1168 574 7
1168 574 13
1168 574 13
1171 615 2
1171 615 23
1185 780 6
1185 780 17
1191 528 12
1191 528 2
1196 402 8
1206 835 9
1206 835 6
1206 835 7
1208 272 25
1208 272 17
1208 272 12
1208 272 17
1208 272 12
1224 340 5
1226 21 24
1226 21 8
1226 21 12
1226 21 22
1229 498 7
1229 498 3
1229 498 22
1229 498 5
1234 51 24
1239 553 3
1239 553 22
1239 553 5
1241 607 17
1241 607 22
1241 607 23
1246 222 3
1246 222 4
1250 129 2
1278 553 23
1284 208 1
1284 208 3
1284 208 5
1350 858 7
1384 949 13
1389 80 1
1389 80 12
1389 80 13
1389 80 23
1392 345 25
1398 95 22
1413 453 1
1413 453 16
1413 453 13
1413 453 22
1413 453 5
703 528 25
717 761 1
717 761 1
717 761 7
717 761 16
733 201 13
740 986 25
740 986 23
753 618 16
753 618 12
753 618 23
230 144 13
230 144 13
230 631 9
230 879 13
230 879 4
235 979 23
259 52 25
259 52 9
284 422 23
284 422 4
293 378 25
293 378 12
293 378 12
293 378 23
293 378 23
294 69 2
294 69 23
303 730 25
303 730 8
303 730 17
304 164 17
325 893 17
325 893 4
331 940 6
344 11 9
344 11 2
344 11 23
346 407 3
362 996 17
362 996 3
362 996 5
368 488 16
368 488 3
368 488 22
382 915 3
382 915 23
385 418 16
385 418 23
385 418 4
388 595 8
388 595 12
388 595 22
389 166 8
389 166 3
389 166 22
389 166 4
418 615 25
420 630 4
434 853 16
434 853 4
457 248 0
457 248 25
457 575 24
457 575 25
488 822 2
488 822 23
489 897 24
492 230 4
494 238 25
494 238 8
505 592 25
505 592 23
511 158 2
511 158 23
523 839 24
523 839 7
523 839 17
523 839 23
539 821 24
549 338 2
549 338 23
549 338 4
552 270 24
552 270 8
552 270 16
552 270 5
556 898 1
556 898 9
568 176 8
581 497 3
581 497 22
581 497 22
584 364 25
584 364 25
623 159 5
625 184 12
625 184 23
639 537 1
646 511 6
698 819 13
732 356 1
740 261 0
740 261 1
779 146 1
779 146 25
779 146 2
779 146 23
806 638 13
806 638 13
811 16 0
821 848 25
821 848 23
821 848 4
823 845 24
823 845 12
823 845 12
879 305 13
884 232 1
884 232 1
884 232 3
900 978 25
900 978 9
900 978 16
109 458 7
109 458 16
109 458 13
116 740 22
1256 579 13
1278 563 12
1282 571 23
1298 316 6
1385 85 4
1432 246 24
1432 246 3
1432 246 22
1467 401 0
167 486 6
167 486 17
43 337 12
64 748 0
64 748 4
663 248 0
663 248 25
663 248 25
663 631 7
663 631 22
668 619 0
668 619 8
668 619 17
668 619 23
713 393 25
713 393 12
764 997 23
805 444 22
829 422 22
829 422 5
831 575 16
831 575 5
834 669 3
834 669 22
841 801 16
855 596 6
857 810 13
857 810 3
857 810 22
884 789 2
89 609 13
89 609 4
89 643 6
905 121 17
905 121 12
905 121 23
905 121 4
946 173 22
952 96 23
953 81 24
975 362 16
975 362 4
977 191 1
977 191 1
979 754 25
979 754 6
979 754 16
979 754 4
98 433 0
98 433 25
98 433 6
98 433 2
996 877 0
996 877 25
996 877 13
1190 679 12
1190 679 12
1197 221 24
1197 221 7
1197 221 16
1211 239 17
382 55 6
396 978 22
436 599 6
441 584 17
441 584 12
441 584 4
570 883 16
570 883 3
591 963 7
595 270 6
637 814 24
661 795 13
661 795 4
677 853 16
726 343 12
765 908 1
809 952 6
817 298 4
834 935 1
837 154 0
901 265 0
901 265 17
901 265 12
901 265 23
901 265 23
901 265 4
964 117 1
1030 453 0
1042 121 24
1043 847 23
1043 847 23
1089 395 25
1089 395 8
1089 395 17
1089 395 12
1114 392 17
1126 976 7
1126 976 17
1198 751 6
1198 751 12
235 641 25
235 641 8
245 618 25
247 3 25
247 3 12
255 275 1
255 275 25
255 275 8
26 15 2
32 922 12
441 855 6
446 575 1
446 575 22
446 575 22
446 575 5
448 417 0
471 95 8
471 95 23
471 95 4
482 205 0
482 205 25
482 205 8
484 839 1
484 839 23
528 443 1
528 443 24
536 5 0
536 5 1
592 754 13
606 286 6
606 286 12
606 286 13
623 753 7
623 753 12
639 355 25
639 355 22
640 233 6
640 233 6
640 233 17
640 233 17
654 384 17
654 384 23
662 171 6
662 171 17
662 171 22
663 661 8
663 661 6
663 661 17
663 661 12
663 661 17
663 661 12
677 278 8
677 278 6
677 278 7
723 672 23
816 943 1
816 943 24
816 943 24
816 943 17
816 943 13
852 393 2
857 741 22
857 741 22
859 144 16
859 144 17
886 306 17
886 306 2
889 610 25
904 765 25
904 765 17
904 765 12
904 765 23
921 266 9
941 359 25
941 359 17
941 359 12
941 359 22
957 195 16
969 871 1
969 871 1
969 871 23
990 577 12
990 577 2
990 577 23
990 577 23
1049 109 1
1049 109 9
1049 109 6
1051 181 22
1059 406 17
1059 406 13
1070 409 0
1070 409 25
1070 823 0
1105 835 3
1116 179 0
1116 179 2
1116 179 23
1140 479 3
1140 479 22
1158 532 0
1158 532 17
1172 484 12
1172 484 12
1193 740 0
1195 174 25
1195 764 12
1231 529 16
1231 529 22
1231 529 5
1253 421 22
1253 421 23
1264 901 1
1266 900 24
1301 862 4
1348 553 23
1358 919 1
1358 919 16
1358 919 13
1358 919 2
1358 919 23
1391 760 9
1391 760 7
1403 468 3
1403 468 22
1410 166 6
1410 166 6
1410 166 12
1410 166 13
1410 166 22
1417 321 9
1417 321 22
1417 321 5
1451 354 1
1451 354 24
1451 354 17
1474 204 24
1478 372 16
1478 372 13
1478 372 3
1478 372 5
1488 843 2
1502 115 8
1502 115 17
1502 115 12
1502 115 4
1508 0 16
1508 0 4
1516 912 0
1534 129 8
1534 129 17
1534 129 12
1575 196 23
1575 196 4
160 856 16
160 856 4
1627 537 4
1629 954 0
1629 954 25
1629 954 23
1633 198 23
189 778 6
189 778 2
189 778 23
189 778 23
191 107 16
191 345 25
191 345 6
191 345 12
191 345 2
204 180 23
2254 573 6
2262 359 1
2262 359 7
2262 359 23
2274 520 16
2278 900 17
2278 900 23
2278 900 23
2301 130 24
2301 130 16
2311 509 9
2316 94 1
2316 94 24
2327 516 9
2334 269 1
2334 269 13
2334 269 3
234 543 0
234 543 7
235 179 0
235 179 12
235 179 4
2360 197 25
2360 197 2
2361 572 9
2361 572 17
2361 572 3
2361 572 22
2372 78 25
2372 78 17
2384 566 6
2389 527 24
238 336 0
238 336 0
238 336 16
2396 403 1
2409 828 25
2409 828 8
2414 788 9
2414 788 17
2414 788 12
2430 994 16
2444 145 0
2457 719 17
2471 934 3
2471 934 5
250 181 1
250 181 24
250 181 6
250 181 3
2548 128 17
2551 30 1
2551 30 24
256 555 24
2606 62 24
2606 62 22
2606 62 23
2646 448 1
2646 448 6
2650 225 8
2650 225 12
2669 427 8
2669 427 9
2669 427 6
2669 427 17
2669 427 2
2679 323 5
268 944 13
2697 358 1
2697 886 0
2699 460 8
2699 460 16
2704 175 6
271 330 24
271 330 9
2727 732 2
2739 410 7
274 613 24
274 861 24
2765 139 12
2765 139 4
2765 501 0
2773 84 22
2773 84 22
2799 828 13
2799 828 22
2872 452 24
2872 452 7
2930 73 0
2930 73 8
2930 73 13
2942 643 6
2942 643 17
2980 429 9
3036 889 2
305 478 12
305 478 3
305 478 22
3091 233 6
3091 233 4
326 302 17
333 157 1
333 157 24
335 431 23
344 873 0
344 873 25
344 873 8
344 873 2
344 873 4
345 165 16
345 165 3
349 483 3
360 98 8
365 874 1
367 378 16
367 378 13
399 767 16
399 767 22
457 873 25
457 873 12
457 873 3
464 814 3
464 814 22
464 814 22
514 304 23
553 603 6
553 603 17
553 603 2
557 670 8
557 670 12
562 379 1
562 379 9
562 379 3
578 950 24
578 950 6
603 34 0
603 34 6
636 0 6
636 0 6
649 998 2
668 721 0
668 721 6
706 172 23
706 172 4
748 148 24
755 314 3
758 32 8
764 948 16
764 948 17
764 948 4
785 15 8
785 15 9
785 15 23
794 140 7
794 140 13
825 396 25
828 214 8
828 214 16
828 214 13
855 188 6
855 188 2
873 162 7
1019 83 2
1019 83 23
1033 274 24
1068 682 7
1068 682 22
1068 682 22
1102 863 16
1102 863 3
1111 984 0
1111 984 25
1111 984 9
1164 138 6
1164 138 4
119 581 7
119 581 16
119 581 12
1202 417 0
1202 417 17
1202 417 17
1202 417 23
1202 417 23
1206 466 1
1206 466 9
1206 466 12
1214 849 25
1220 289 24
1220 289 4
1242 165 12
1243 435 6
1279 360 17
1291 573 1
1291 573 9
1291 573 5
131 830 12
131 830 4
1324 866 17
1324 866 17
1324 866 23
1331 242 8
1331 242 12
1331 242 23
1339 383 0
1339 383 25
1339 383 9
1339 383 12
1339 383 3
1350 637 23
1367 181 2
1367 181 2
1376 985 25
1376 985 6
1376 985 17
1376 985 2
1376 985 23
137 460 0
137 460 2
137 460 2
1392 521 13
1396 746 3
1396 746 4
1407 290 24
1425 391 25
1428 14 7
1428 14 4
1440 109 8
1440 470 25
1453 795 1
1453 795 24
1487 783 1
1487 783 8
1487 783 3
1517 838 25
152 769 1
1876 593 25
1876 593 3
1876 593 22
1879 893 8
1879 893 7
1890 30 1
1890 30 24
1890 30 1
1890 30 24
1891 855 5
1901 195 7
1901 195 16
1901 195 2
1909 781 8
1915 30 23
1978 582 16
1995 663 0
2015 860 0
2015 860 6
201 860 25
201 860 8
2038 713 13
2050 782 1
2054 645 0
2054 645 16
2060 99 7
2060 99 16
2060 487 24
2061 815 6
2061 815 6
2061 815 17
2061 815 17
2061 815 17
2070 90 22
2070 90 23
2085 327 16
2107 115 4
2129 61 4
2135 594 6
2141 813 24
2141 813 25
214 158 16
214 158 2
2184 315 24
2184 315 23
2189 131 16
2189 131 13
2198 675 7
2198 675 13
2198 675 2
2198 675 23
219 240 6
2238 56 0
2238 56 3
2238 56 3
270 554 16
322 341 24
322 341 4
325 131 24
325 131 13
329 97 0
329 97 25
329 97 9
329 97 16
329 97 16
329 97 2
339 686 12
399 121 7
399 121 13
407 274 25
407 274 8
418 972 1
418 972 24
418 972 16
418 972 13
418 972 3
424 470 2
431 417 8
431 417 17
437 213 23
443 669 2
451 227 8
451 227 4
462 741 24
464 262 1
464 262 24
464 262 6
464 262 13
464 262 3
464 262 5
481 551 0
491 51 0
491 51 1
491 51 8
491 51 9
491 51 23
51 152 25
572 241 5
572 241 5
575 132 4
57 350 9
57 350 16
585 966 0
585 966 25
585 966 22
585 966 5
600 964 12
619 918 16
619 918 23
650 767 9
650 767 22
650 767 23
862 229 0
872 726 23
875 71 8
884 103 13
890 30 12
890 30 2
890 30 23
895 729 25
895 729 8
897 126 13
897 126 4
902 160 1
902 160 24
902 160 7
902 160 16
902 160 22
963 190 1
963 190 24
965 706 24
980 535 16
998 246 12
998 246 2
998 246 2
998 246 23
998 246 23
101 39 0
101 39 2
1022 712 9
1022 712 4
102 835 6
1041 397 25
1041 397 8
1041 495 16
1047 811 6
1047 811 17
1067 436 7
1077 8 7
1077 8 7
1092 485 1
1092 485 16
110 730 6
110 730 17
1128 362 1
1128 362 8
1128 362 9
1128 362 3
112 652 1
1149 151 25
1215 721 2
1219 320 6
1230 458 16
1230 458 13
1239 601 17
1239 601 22
1239 601 22
1239 601 5
1239 601 5
1244 780 0
1244 780 25
1244 780 17
1244 780 12
1244 780 17
1244 780 12
1295 981 3
1295 981 22
1295 981 5
131 97 17
131 97 4
137 636 0
146 619 6
146 619 17
150 113 9
150 113 4
151 786 24
153 323 17
168 913 23
173 949 9
173 949 9
173 949 3
173 949 23
173 949 4
173 949 23
173 949 4
225 19 3
233 866 4
239 523 0
239 523 25
239 523 3
239 523 22
277 993 8
283 276 25
630 23 24
630 23 23
631 503 16
642 700 12
642 700 3
642 700 4
642 700 4
644 629 9
644 629 2
644 629 23
656 971 1
656 971 1
667 175 25
673 559 2
67 821 6
67 821 12
67 821 3
680 519 22
680 519 5
684 460 4
690 721 25
690 721 16
690 721 3
690 721 22
692 614 0
692 614 16
692 614 3
699 746 16
710 206 0
710 206 17
710 206 3
710 206 22
710 206 5
720 294 0
720 294 25
720 294 12
72 381 8
72 381 12
72 381 23
731 982 24
731 982 23
735 240 25
735 240 8
735 240 7
745 44 23
755 341 24
757 862 9
757 862 13
765 755 8
765 755 8
768 576 6
768 576 7
769 444 17
76 151 12
76 151 3
76 151 4
786 236 1
786 236 9
786 236 9
787 861 13
787 861 22
793 505 25
793 505 12
796 97 4
801 428 4
808 976 0
808 976 25
808 976 2
808 976 23
829 660 5
829 843 25
829 843 17
843 288 2
843 502 0
843 502 7
843 502 23
845 540 0
845 540 0
845 540 6
845 540 6
845 540 17
845 540 17
845 540 23
848 274 6
848 274 17
875 445 12
875 445 22
915 694 23
921 635 7
961 220 0
961 220 25
961 220 8
961 220 17
1013 267 7
1020 486 1
1020 486 8
1020 486 16
1020 486 22
1034 206 25
1034 206 8
1034 206 17
105 178 23
105 178 4
1067 772 13
1067 804 0
1067 804 24
1067 804 9
1069 194 22
1089 552 6
108 315 12
1094 754 16
1094 754 5
1104 618 6
1104 618 17
110 891 6
1123 108 7
1133 243 9
1133 243 16
1133 243 13
1133 243 3
1133 243 5
1133 963 8
1133 963 5
113 526 17
113 964 12
113 964 4
1152 679 4
1152 679 4
1168 960 9
116 493 24
1171 883 16
1171 883 22
1171 883 5
1187 219 17
1200 285 17
1200 285 23
1200 285 4
1219 585 8
1219 585 16
1228 974 16
1228 974 22
1236 626 2
1237 497 24
1237 497 25
1237 497 13
1237 497 22
1237 497 23
1240 732 24
1240 732 7
154 535 8
163 561 17
170 271 0
170 271 8
170 271 7
170 271 13
170 271 13
170 271 2
174 40 1
174 40 13
219 713 7
227 666 23
241 975 6
241 975 6
241 975 13
249 140 22
288 62 13
289 714 3
290 775 25
290 775 22
321 857 8
321 857 6
321 857 3
321 857 23
325 535 25
338 933 24
358 665 9
358 665 16
376 141 16
376 141 22
382 921 7
385 219 25
385 219 8
389 23 16
389 23 13
389 23 22
403 79 12
779 786 7
785 692 16
785 692 23
793 840 9
793 840 16
800 441 17
800 441 5
802 207 16
802 207 13
809 931 0
809 931 5
826 784 1
850 84 23
858 983 24
889 836 6
889 836 16
889 836 12
889 836 23
891 949 1
891 949 24
891 949 8
891 949 2
895 312 17
895 312 23
902 588 9
902 588 17
906 182 13
906 182 2
910 608 16
930 35 9
962 851 25
986 925 13
999 544 7
999 544 12
999 544 12
1109 535 7
1131 852 1
1131 852 24
1131 852 7
1138 622 6
1138 622 17
1240 363 24
1240 363 13
1259 98 8
1259 98 12
1259 98 13
1259 98 4
1278 410 23
1295 403 8
1295 403 8
1304 192 0
1304 192 0
1304 192 25
1304 192 25
1304 192 7
1361 593 2
1361 593 22
1361 593 4
1394 491 8
1394 491 12
1402 855 0
1402 855 4
1402 855 5
1437 385 5
1486 52 12
152 883 17
152 883 12
152 883 23
1595 290 1
1595 290 16
1595 290 16
1603 374 4
168 930 6
168 930 2
180 986 24
180 986 6
180 986 2
182 947 7
190 681 0
190 681 24
215 398 2
220 898 0
230 17 13
245 805 0
245 805 25
245 805 8
262 952 23
264 207 0
264 207 25
264 207 6
280 554 25
280 554 8
333 986 17
333 986 4
353 561 6
353 561 17
353 561 17
353 561 2
386 502 25
386 502 3
399 545 25
399 545 25
407 157 23
408 33 17
408 33 12
408 33 23
408 409 7
408 409 12
408 409 5
412 21 6
412 21 17
424 749 6
445 604 2
445 768 16
477 868 17
477 868 2
477 868 23
484 172 25
489 622 13
527 456 25
527 456 6
527 456 6
527 456 17
527 456 17
527 456 23
539 705 9
553 902 9
553 902 23
566 287 3
566 287 5
566 572 16
569 770 5
589 308 4
605 492 23
606 464 17
610 754 7
610 754 2
629 128 7
629 128 3
629 128 22
629 128 5
635 128 1
645 994 23
650 921 9
667 360 0
673 434 12
698 227 24
698 227 9
699 111 2
722 604 25
729 647 24
729 647 4
737 302 16
737 302 13
740 159 23
799 807 17
807 665 7
807 665 23
838 270 0
846 392 7
886 536 1
886 536 3
887 54 3
910 583 7
910 583 16
910 583 16
939 8 3
950 997 24
950 997 23
1960 265 24
1960 265 7
1960 265 2
1960 265 23
1991 274 24
2011 124 24
2011 124 24
2011 124 9
2011 124 9
2035 533 12
2035 533 2
2056 93 16
2056 93 13
2056 93 4
2062 435 6
2068 418 13
2070 870 24
2070 870 9
2070 870 13
2169 322 6
2169 322 6
2169 322 17
2169 322 17
2169 322 12
2169 322 23
2169 322 4
2188 147 2
2188 147 4
2203 936 12
2207 335 24
2207 335 9
2207 335 7
2207 335 16
2207 335 17
2209 874 24
2209 874 16
2225 861 17
2225 861 17
2225 861 13
2235 32 25
2270 453 16
2270 453 3
2270 453 22
2293 937 25
2293 937 13
2293 937 5
2297 424 12
2297 424 4
2310 287 16
2310 287 17
2314 674 17
2314 674 4
2365 812 12
2365 812 5
2487 830 3
2558 380 17
2577 941 9
2577 941 6
2577 941 6
2577 941 13
2577 941 13
2577 941 22
2577 941 4
2585 909 3
2585 909 5
2593 226 8
2641 78 16
2641 78 17
2641 78 23
2641 78 5
2689 884 8
2696 161 2
2707 302 25
2734 106 7
2734 106 12
2751 651 23
2753 323 24
2753 323 13
2753 323 3
2753 323 22
2753 323 4
2795 465 5
2798 313 17
2798 313 12
2807 728 7
2807 728 12
2807 728 12
2807 728 4
2808 305 6
2808 305 17
2808 305 12
2819 90 6
2819 90 12
2819 329 24
2819 329 25
2819 329 2
2819 329 3
2846 521 9
2846 521 7
2846 521 16
2846 521 13
2846 521 23
2846 521 4
2870 623 25
2881 915 5
2896 392 23
2906 165 9
2941 513 25
2941 513 8
2941 513 12
2999 842 6
2999 842 4
1048 263 25
105 960 13
105 960 5
1108 822 22
1108 822 4
1128 741 22
1151 883 1
1151 883 24
117 679 5
1211 570 2
1211 570 4
124 122 22
136 526 7
141 7 12
142 886 1
142 886 25
142 886 9
142 886 3
1457 610 6
1457 610 3
1475 548 24
1475 548 16
1475 548 13
1475 548 22
1476 556 0
1476 556 7
1476 556 7
1476 556 12
1476 556 2
1476 556 23
1476 556 4
1481 994 23
1485 440 0
1485 440 25
1485 440 6
1504 639 0
1514 426 25
1514 426 16
1520 902 12
1520 902 2
1520 902 3
1523 214 7
1528 854 17
1528 854 12
1528 854 23
1528 854 4
1542 712 0
1542 712 7
1542 712 3
1554 335 23
1560 169 7
1560 169 2
1592 166 9
1596 852 24
1596 852 7
1596 852 3
1601 29 1
1601 29 25
1601 29 6
1601 649 7
1601 649 22
1607 325 1
1629 82 1
1656 72 0
1664 844 17
1664 844 12
1677 566 1
1677 566 8
1685 927 13
1685 927 4
1692 146 9
1702 234 0
1702 234 25
1702 234 9
1707 12 17
1707 12 12
1708 917 13
1708 917 3
174 793 9
174 793 17
1783 57 8
1783 57 17
1790 150 1
1790 150 24
1790 150 24
1790 150 13
1790 150 13
1810 21 7
1811 643 6
1846 581 17
1846 581 23
1900 508 22
1903 758 7
1903 758 16
1903 758 12
1911 907 3
1911 907 22
1911 907 22
1954 963 17
1954 963 12
2008 717 16
2019 599 25
2026 175 16
203 775 0
203 775 23
2058 579 7
2058 579 16
2058 579 2
2117 128 9
2134 755 24
2134 755 2
2148 393 25
2148 393 6
2148 393 12
2148 393 2
2181 941 16
2185 220 24
2185 220 4
2187 146 3
2254 534 12
227 191 1
227 191 24
227 191 6
227 191 7
227 191 13
227 191 13
227 191 3
229 457 0
229 457 6
232 940 24
232 940 16
248 215 1
248 215 7
248 215 2
283 519 8
283 519 16
283 519 5
293 830 7
310 576 8
310 576 7
310 576 16
312 869 25
316 60 17
349 306 16
349 306 4
358 830 6
366 83 24
377 279 9
377 279 16
377 892 6
377 892 17
382 819 1
382 819 6
40 874 8
40 874 8
40 874 6
415 602 1
415 602 24
415 602 1
415 602 24
442 907 0
442 907 25
462 200 13
462 200 22
531 730 12
531 730 12
557 109 0
575 787 24
602 841 13
602 841 5
618 330 22
618 330 5
64 228 8
64 228 9
64 228 17
64 228 12
653 899 16
653 899 23
664 828 24
664 828 16
671 346 0
671 346 4
773 461 24
773 461 23
773 461 4
78 789 9
84 202 25
84 202 8
84 202 16
859 308 1
85 995 4
881 721 7
881 721 13
891 683 24
891 683 7
956 748 2
956 748 23
956 748 4
956 748 23
956 748 4
1006 280 16
1015 882 24
1015 882 9
1015 882 12
1017 428 25
1027 135 0
1027 135 25
1027 135 8
1027 135 17
1027 135 3
1049 890 25
1049 890 6
1049 890 17
1052 540 4
1058 855 16
1058 855 12
1069 94 24
1069 94 24
1069 94 9
1069 94 9
1073 590 24
1073 590 9
1073 590 22
1073 592 13
1078 520 12
1088 583 1
1108 227 24
1108 227 9
1119 762 9
1119 762 6
1121 308 24
1129 923 4
112 993 7
112 993 2
112 993 2
1132 11 24
1132 11 13
1154 592 0
1154 592 6
1162 572 6
1162 572 6
1162 572 3
118 910 0
118 910 25
118 910 6
118 910 17
118 910 22
1195 183 7
1203 935 9
120 403 13
1210 419 6
1210 419 17
1234 852 7
1234 852 16
1234 852 13
1258 104 12
1288 529 6
1288 529 7
1288 529 13
1288 529 13
1305 283 4
1320 476 9
1399 506 23
1401 787 6
1402 34 22
1414 517 0
143 884 0
143 884 25
143 884 8
143 884 2
1447 508 24
1447 508 7
1470 582 24
1470 680 8
1470 680 8
1475 285 1
1475 285 24
1475 285 9
1475 285 7
1475 285 16
1475 285 3
148 739 16
1493 156 1
1493 156 3
1493 156 5
1498 721 24
1498 721 16
1498 721 13
1498 721 5
1514 132 0
1522 471 23
1547 343 23
154 274 25
154 274 8
1551 658 6
1551 658 17
1555 202 1
155 813 24
155 813 8
155 813 12
155 813 4
1560 120 17
158 784 4
1619 695 22
1664 860 6
1685 776 12
1685 776 4
168 727 9
168 727 16
168 727 13
1690 783 7
1690 783 3
173 326 0
173 326 25
173 326 6
173 326 6
173 326 23
173 326 23
173 326 4
175 156 6
187 922 0
187 922 25
187 922 25
187 922 13
187 922 4
194 38 8
194 38 6
194 38 12
194 38 2
194 38 23
194 38 5
199 338 13
213 412 9
213 412 4
213 412 4
238 753 9
246 547 16
250 274 24
250 274 12
250 798 5
257 599 17
257 599 22
260 841 4
263 107 0
263 107 25
263 107 8
263 107 6
263 107 7
265 857 5
279 53 13
286 189 9
303 883 25
303 883 16
303 883 16
303 883 22
312 512 1
312 512 23
360 838 0
360 838 1
360 838 8
360 838 6
365 962 25
410 632 16
410 632 17
440 573 8
44 254 1
44 254 24
44 254 7
44 254 16
44 254 23
455 287 0
520 33 24
520 33 17
520 33 17
522 120 24
522 120 13
541 706 24
544 52 5
55 237 8
566 246 6
566 246 16
566 246 23
566 392 9
566 392 16
566 392 22
566 392 5
577 609 0
577 609 6
58 633 24
58 633 8
617 518 7
617 518 4
623 410 6
67 666 2
88 268 1
88 268 7
88 268 16
979 252 25
979 252 12
979 441 4
983 540 8
984 626 1
984 626 8
98 846 0
98 846 9
993 753 0
993 753 3
101 204 3
101 204 22
108 775 6
121 885 23
1281 540 17
1281 540 2
1282 40 22
1282 40 5
1283 890 1
1283 890 9
1283 890 9
1283 890 13
1283 890 22
128 949 24
1300 622 24
1306 953 7
1324 18 22
1325 290 4
1335 617 6
1336 564 0
1336 564 1
1336 564 8
1336 564 9
1336 564 2
1336 564 4
1336 972 7
1351 903 16
1351 903 13
1351 903 4
1356 770 6
1356 770 4
1356 770 5
1365 109 23
136 139 24
136 139 7
136 139 17
1371 979 25
1371 979 24
1371 979 25
1388 364 9
1388 364 4
1413 667 24
1415 612 1
1415 612 3
1429 864 25
1429 864 22
142 795 12
1446 449 22
1459 332 8
1459 332 6
1459 332 16
1459 332 12
1459 332 23
1465 460 1
1465 460 7
1486 157 2
1486 157 4
1486 157 4
1501 668 12
1501 668 12
1501 668 23
1501 668 4
1519 579 1
1541 184 0
1541 184 25
1541 184 17
1541 184 4
1553 851 16
1553 851 16
1553 851 3
1595 290 0
1595 290 25
1595 290 8
1595 290 25
1595 290 8
1595 290 16
1595 290 12
1606 227 22
1606 227 23
163 383 24
163 383 6
163 383 17
165 623 7
165 623 16
1670 321 25
1670 321 8
1670 321 17
1670 321 17
1680 76 1
1680 76 9
1680 76 2
1681 900 6
1681 900 7
1681 900 13
1681 900 13
1712 177 17
1712 177 2
1712 177 4
1712 177 4
1719 817 1
1719 817 9
1719 817 3
1719 817 4
1764 250 5
177 242 9
1915 153 9
1915 153 16
1915 153 2
1915 153 2
1915 153 5
1915 153 5
1915 413 1
1915 413 16
1921 908 6
1921 908 2
1923 265 1
1923 265 16
1927 605 24
1927 605 9
231 568 4
253 606 6
253 606 17
286 960 6
286 960 2
305 617 13
305 617 22
3200 553 24
3200 553 25
3211 728 2
3217 728 0
3231 257 1
3231 257 22
3232 254 8
3232 254 12
3232 254 3
3234 348 16
3244 860 4
3244 860 5
325 728 8
3265 660 0
3265 660 1
3265 660 7
3265 660 7
3265 660 12
3276 7 7
3296 467 25
3296 467 17
3296 467 12
3296 467 2
3300 662 4
3333 591 25
3342 542 0
3367 553 25
3367 553 8
3367 553 12
3367 553 22
3367 553 23
3379 723 1
3379 723 23
3382 403 23
3385 269 0
3385 269 17
3386 331 17
3386 331 2
3386 331 23
3395 23 24
3395 23 25
3413 148 0
3413 148 8
3413 148 2
344 766 22
344 766 4
3453 851 17
3477 657 13
3481 76 23
3493 708 23
350 215 12
350 215 12
350 429 23
350 429 23
350 429 4
3616 835 9
3616 835 13
3616 835 22
3616 835 22
3629 313 0
362 957 25
362 957 8
362 957 25
362 957 8
362 957 12
362 957 23
3631 668 25
3631 668 25
3631 668 22
363 450 16
3658 548 17
3658 548 12
3725 750 24
3725 750 3
3740 973 1
3754 733 0
3754 733 2
376 178 9
376 178 9
3803 948 0
3803 948 25
3835 442 7
3835 442 13
3877 165 0
3921 555 1
3921 555 25
3931 751 25
3931 751 16
3952 500 17
3952 500 12
399 401 25
4247 389 16
4266 695 13
4267 958 0
4267 958 4
4269 104 1
4269 104 8
4269 323 5
4271 430 24
4272 164 13
4273 463 25
4273 463 17
4273 463 4
4277 156 4
4277 156 4
4280 450 6
4280 450 17
4284 518 4
4286 66 5
4288 625 17
4288 625 23
4297 415 25
4297 415 8
4297 415 6
4297 415 12
4297 415 4
4299 423 24
4299 423 3
4299 423 22
4307 53 2
4313 120 13
4313 120 23
458 705 6
458 705 7
458 705 13
474 115 1
474 115 24
4783 668 1
4783 668 1
4783 668 16
4796 390 0
4796 390 1
4796 390 9
4796 390 9
4796 390 17
4801 980 0
4801 980 0
4801 980 25
4801 980 25
4801 980 7
4801 980 16
4801 980 22
4801 980 23
4809 768 22
4809 768 22
4811 159 17
482 928 12
4846 121 9
4846 121 2
4860 739 7
4878 234 6
4878 234 12
4884 457 17
4900 195 0
4900 195 1
4900 195 23
4900 195 4
4900 195 23
4900 195 4
4900 490 25
4900 490 8
4905 580 6
4905 580 2
4907 41 22
4927 731 9
4927 731 4
4934 471 13
4934 471 22
4944 49 3
4944 775 13
4954 754 16
4954 754 23
497 384 6
4998 635 7
5009 337 16
5009 337 16
5016 511 6
5016 511 16
5016 511 13
5016 511 22
5016 511 5
5030 633 1
5030 633 24
5030 633 6
5035 44 16
5058 246 6
5058 246 16
5058 246 13
5059 42 25
5099 864 5
5101 469 17
5101 469 2
5105 11 8
5107 942 0
5107 942 1
5107 942 8
5110 231 24
5110 231 25
5110 231 16
5110 231 13
5110 231 23
5110 231 4
5185 998 24
5185 998 7
5236 514 16
5236 514 22
5236 514 22
5236 514 5
5241 668 12
5241 668 2
5241 668 23
5247 777 1
5247 777 3
599 521 16
599 521 3
599 521 22
599 521 3
599 521 22
651 485 1
651 485 24
651 485 6
651 485 13
695 953 24
713 472 6
718 500 4
758 158 0
758 158 24
758 158 16
783 231 2
783 231 23
783 231 5
786 2 0
786 2 25
786 2 8
786 2 12
786 2 3
800 523 24
883 804 7
883 804 3
892 395 17
126 44 24
126 44 9
126 44 23
150 170 0
182 425 23
242 830 17
242 830 23
263 714 17
49 200 17
70 454 25
70 454 8
70 454 17
76 660 6
76 660 2
87 568 6
87 568 17
87 568 4
127 584 16
127 584 17
130 537 16
1335 656 1
1335 656 25
1335 656 2
1335 656 4
1338 851 12
1338 851 4
134 292 1
134 292 24
134 292 9
134 292 16
134 292 13
134 292 22
134 292 5
1353 134 13
1354 950 0
1354 950 0
1354 950 25
1354 950 25
1354 950 8
1354 950 17
1356 531 1
1356 531 25
1366 760 17
1370 89 3
1375 865 13
1376 75 1
1376 75 12
1376 75 12
1379 513 0
1379 513 0
1379 513 23
1380 732 25
1380 732 7
1380 732 7
1380 732 12
1380 732 13
1380 732 22
1380 732 5
1395 48 24
1395 48 9
1395 48 16
1395 48 22
1395 48 5
139 720 9
1417 403 6
1417 403 4
144 464 12
1485 766 9
1501 184 1
1501 184 24
1532 395 16
154 431 25
154 431 25
163 438 1
163 438 9
163 438 7
163 438 16
163 438 12
181 901 12
181 901 4
189 147 24
189 147 23
191 849 25
191 849 8
1983 207 4
2011 661 22
2011 661 5
2016 10 17
2016 10 12
2048 613 2
2050 851 24
2050 851 9
2050 851 16
2050 851 13
2050 851 3
2057 492 1
2057 492 25
2057 492 8
2057 492 7
2057 492 22
205 851 16
2070 755 24
2070 755 6
2070 755 17
2070 755 12
2070 755 2
2074 309 22
2074 891 24
2084 213 24
2084 213 9
2084 213 16
2084 213 13
2084 213 3
2084 213 5
2097 295 13
2100 220 13
2109 366 24
2109 366 7
2124 328 25
2124 328 23
2124 328 23
2181 460 23
2181 583 25
2191 140 22
2193 236 3
2197 218 1
2197 218 24
2197 218 8
2197 218 6
2197 218 16
2197 218 13
2197 218 23
2212 171 25
2274 727 0
2274 727 24
2274 727 9
2274 727 16
2274 727 13
2274 727 2
2274 727 4
2274 727 5
2283 189 17
2292 960 12
2292 960 12
2302 569 6
2308 495 17
2308 495 5
2318 748 6
2318 748 17
2318 748 12
2319 576 0
2319 576 13
2321 196 4
256 894 6
256 894 7
256 894 12
256 894 13
281 372 6
281 372 6
281 372 13
2883 316 1
2883 316 7
2883 316 3
2883 316 22
2883 316 5
2886 675 25
2886 675 8
2886 675 17
2886 675 12
2901 253 25
2916 10 12
2919 473 3
291 882 9
291 882 13
2921 228 17
2921 228 17
2921 228 12
2921 256 3
2927 153 23
2927 153 4
2933 375 17
2933 375 22
2933 375 4
2943 340 23
2943 340 23
2949 18 23
296 979 25
296 979 6
2972 623 0
2972 623 8
2972 623 9
2972 623 6
2972 623 16
2972 623 22
2975 730 0
2977 335 0
2977 335 7
3016 389 6
302 829 25
302 829 12
302 829 23
3045 158 1
3045 158 24
3045 158 2
3051 116 22
3053 844 16
3058 303 24
3058 303 9
3068 546 4
3068 739 17
3068 739 2
3068 739 3
3083 789 16
3083 789 12
3096 904 25
3098 124 25
3129 194 22
3129 194 5
312 840 13
3146 658 17
3146 658 3
3146 658 3
315 675 1
3183 212 24
3183 212 24
3187 306 7
3187 306 3
321 598 6
321 598 7
321 598 4
321 598 4
325 130 9
325 130 23
325 130 23
325 130 4
325 130 23
325 130 4
3270 564 0
3277 248 23
3318 407 25
3318 407 12
3318 407 22
3319 432 17
3330 591 6
3346 42 2
336 474 25
336 474 8
336 474 17
3445 306 8
3445 306 17
3445 306 2
3445 306 23
3462 723 4
3470 803 13
3491 779 16
3491 779 3
3520 778 24
3525 455 12
3525 455 23
3525 455 4
3530 215 1
354 140 1
3550 629 7
3586 157 3
3589 57 24
3601 841 24
3601 841 16
3601 841 13
360 946 1
364 759 3
3653 176 22
3696 455 16
3696 455 4
369 647 24
374 356 1
374 356 2
382 341 7
382 341 16
382 341 13
382 341 22
382 341 4
3905 902 6
3905 902 16
3905 902 13
3913 998 9
3913 998 5
3915 16 24
3933 858 9
3933 858 16
3933 858 2
3933 858 2
3933 858 23
3933 858 23
3934 245 17
3934 245 12
3941 241 3
3949 76 13
3952 387 16
3957 401 22
3957 401 5
3960 258 24
3982 947 5
3986 268 22
3988 809 25
3988 809 23
3996 995 25
4006 499 22
4006 499 5
4007 638 24
4014 291 6
4016 402 17
4018 774 1
4018 774 24
4018 774 7
4040 162 1
4040 162 1
4083 759 1
4083 759 9
4083 759 13
4088 781 7
4088 781 16
4093 749 24
4093 749 17
4093 749 12
4093 749 4
409 13 1
409 13 1
409 13 8
409 13 9
4112 144 16
4112 144 13
4112 144 5
4139 696 7
4139 696 23
4170 295 1
4170 295 3
4188 474 13
4233 723 24
423 775 13
423 775 5
431 171 0
431 171 6
431 171 17
431 171 12
431 171 22
4469 123 3
4480 102 8
4480 102 9
4480 102 7
4480 418 23
4485 482 24
4485 847 17
4485 847 12
4485 847 3
4485 847 4
4486 110 6
4486 110 13
4486 110 13
4486 110 2
4486 110 3
4486 110 4
4486 110 4
4489 232 0
4489 232 8
4489 232 7
4489 232 16
4489 232 12
4489 232 23
4518 579 24
4518 579 5
4552 308 9
4552 308 6
4552 308 23
4556 560 16
4556 560 4
4559 651 16
455 308 1
455 308 7
455 308 22
474 659 2
474 659 23
4923 854 8
4928 771 9
4928 771 9
4928 771 13
4939 807 22
4939 807 23
4944 295 8
4963 168 24
4963 168 16
4963 168 3
4963 168 22
4965 677 24
4965 677 7
4968 643 17
4968 643 12
4968 643 2
4968 718 1
4968 718 9
4968 718 7
4968 718 13
4968 718 5
4971 398 0
4971 398 25
4971 398 17
4971 398 2
4985 91 1
4985 91 6
4990 103 1
4990 103 6
4990 103 7
4992 391 16
4992 391 22
4993 959 6
4993 959 17
4995 951 22
4995 951 23
5013 292 25
5013 292 8
5013 292 17
5013 292 3
5013 292 22
5013 292 3
5013 292 22
5040 738 23
5040 738 23
5040 738 4
504 870 12
546 276 25
55 674 6
55 674 7
55 674 12
573 378 22
586 143 13
586 180 7
586 180 16
586 180 3
586 180 22
586 180 5
610 520 6
614 817 16
631 651 13
631 651 22
64 742 16
64 742 13
679 570 13
707 65 6
707 65 13
70 671 25
70 812 8
70 812 6
70 812 12
70 812 4
718 317 1
80 586 7
80 586 16
80 586 16
80 586 4
96 983 9
96 983 16
96 983 13
1381 127 6
1410 211 25
1410 211 8
1410 211 12
1420 918 1
1420 918 7
1423 756 7
1429 626 1
1429 626 7
1436 241 25
1530 188 25
1540 675 2
1540 675 23
1548 462 17
1561 442 9
1561 442 13
1595 621 17
1595 621 22
1595 942 0
1600 807 16
1600 807 13
1603 266 1
1603 539 0
1603 539 17
1604 99 6
1604 99 6
1608 288 7
1620 341 8
1620 341 23
1620 341 4
1638 692 25
1638 692 25
1638 692 22
1673 267 17
1673 267 4
1685 429 25
1686 867 6
1686 867 17
1686 867 3
1686 867 22
1687 736 4
1702 452 8
1702 452 4
1702 841 3
1705 331 0
1725 850 25
1750 192 6
1750 192 6
1763 364 8
177 501 5
1795 673 22
1827 435 17
1827 435 17
1827 435 4
183 204 25
1845 196 5
1859 716 2
1859 716 4
1868 507 8
1871 541 16
1872 221 2
1878 950 8
1878 950 5
187 639 8
1905 794 7
1905 794 13
1905 794 23
1911 346 24
1918 31 6
1924 419 2
1924 419 2
1929 832 24
1929 832 9
1943 878 6
1943 878 17
1970 448 16
1970 448 13
1976 210 12
1980 341 0
1982 639 25
1982 639 6
1982 639 12
1982 639 13
1994 785 17
1994 785 17
199 914 16
199 914 22
199 914 22
2003 235 16
2004 815 24
2004 815 9
2004 815 7
2004 815 13
2004 815 5
2006 659 25
2006 659 23
2018 56 6
203 167 8
203 167 17
203 167 4
2041 959 1
2041 959 24
2041 959 16
204 559 25
204 559 8
204 559 23
204 559 4
205 82 8
2068 793 8
2068 793 23
2068 793 4
2072 983 17
2072 983 12
2072 983 3
2072 983 4
2087 80 16
208 680 3
2286 830 9
228 475 12
2295 853 6
2295 853 16
2295 853 13
2295 853 23
2481 151 12
2486 508 3
2499 25 1
2499 906 5
2510 411 3
2510 411 23
2510 411 23
2519 98 9
2519 98 9
2519 98 6
2519 98 17
2519 98 23
2519 98 4
2529 824 13
2554 372 6
2554 372 23
2554 372 5
2561 436 16
2561 436 17
2561 436 4
256 541 25
256 541 8
2583 893 9
2589 127 7
2589 127 16
2589 127 23
2612 951 8
2612 951 16
264 702 12
2650 403 6
2650 403 7
2650 403 12
2650 403 13
2666 957 1
2666 957 6
2666 957 7
2666 957 13
2666 957 13
2674 425 17
2688 232 2
2688 232 4
2694 603 1
2694 603 24
2694 603 1
2694 603 24
2694 603 8
2694 603 17
2696 987 9
2696 987 16
2708 569 22
2708 569 22
2708 569 5
2709 168 22
2713 3 1
2713 3 16
2715 252 4
2734 794 1
2734 794 2
2735 412 16
2735 412 2
2735 412 23
2736 20 13
2762 725 9
2762 725 5
2762 725 5
277 262 0
277 262 1
277 262 22
277 262 22
277 262 5
2829 131 1
2829 131 3
2831 542 25
2831 542 8
285 811 6
2882 938 1
2882 938 24
2882 938 16
2882 938 3
2930 432 25
2930 432 12
2930 432 4
2949 179 22
295 923 12
2968 839 25
2968 839 6
2968 839 17
2975 967 6
2975 967 17
2975 967 3
3037 248 2
3043 558 6
3055 641 3
3057 429 25
3057 429 6
3060 854 1
3060 854 7
3060 854 16
3130 24 25
3130 24 25
3130 24 7
3130 24 17
3130 24 12
316 26 1
316 26 17
322 971 1
322 971 9
322 971 13
322 971 22
333 339 17
333 339 22
333 339 23
336 246 0
3375 391 25
353 189 4
400 991 13
404 424 25
415 236 2
415 236 4
427 877 8
427 877 9
427 877 7
427 877 3
427 877 4
433 947 25
439 60 23
446 553 16
449 79 13
449 79 22
451 692 6
456 524 24
456 524 17
4777 926 6
4777 926 12
4777 926 13
4777 926 2
4785 698 6
4793 666 25
4793 666 12
4800 586 24
4800 586 23
480 641 0
480 641 12
480 641 13
480 641 23
4815 713 1
4824 195 0
4824 195 6
4824 195 4
4826 262 1
4826 262 9
4826 262 9
4829 535 3
4829 535 3
4840 744 6
4840 744 7
4840 744 12
4840 744 13
4854 290 16
4868 181 24
4868 181 12
4868 181 12
4874 494 16
4902 621 0
4902 621 9
4908 365 1
4920 741 7
4920 741 16
4920 741 7
4920 741 16
4920 741 13
4926 118 23
4958 523 6
4962 133 9
4962 133 17
4962 133 12
4970 194 13
4970 194 3
4980 550 8
5000 183 12
5016 69 16
511 730 16
521 958 2
525 966 4
5316 0 4
5337 794 0
5347 640 0
5347 640 3
5347 640 22
5347 640 5
5350 270 16
5350 270 22
5374 307 8
5374 307 4
5375 544 17
5375 544 22
5399 719 0
5399 719 25
5412 956 24
5412 956 24
5417 196 0
5417 196 25
5417 196 9
5417 196 6
5417 196 13
5417 196 4
5420 681 24
5452 98 9
5452 98 13
5454 786 4
5455 124 24
5455 124 25
5456 449 24
5461 522 17
546 781 24
546 781 3
546 781 5
546 781 5
5471 658 1
5472 909 9
5484 558 1
5484 558 8
5484 558 8
5484 558 17
5485 171 24
5485 940 2
5528 982 24
5528 982 7
5534 373 1
5534 373 6
5534 373 12
5534 373 4
5544 56 7
5544 56 13
5549 171 6
5549 171 17
5549 171 12
5549 171 5
5554 351 2
5554 351 23
5561 60 1
5561 60 12
5561 60 2
5561 60 4
5565 889 7
5565 889 17
5565 889 12
5573 618 7
5573 618 16
5573 618 16
5580 371 1
5580 371 1
5580 371 6
5580 371 12
5580 371 4
5585 268 3
5619 137 17
5620 708 0
5620 708 6
5620 708 12
562 895 25
5634 752 25
5634 752 13
5634 752 4
5636 492 6
5636 492 6
5646 681 25
5646 681 7
5646 681 16
5646 681 13
5646 681 23
5646 681 5
5669 414 13
5670 357 8
5683 352 1
5683 352 8
5683 352 6
5683 352 17
5683 352 17
5689 143 25
5689 143 13
569 254 0
569 254 8
569 254 12
569 254 2
590 548 8
590 548 12
591 968 24
591 968 9
603 192 0
603 192 1
603 192 9
603 192 9
625 766 9
625 766 16
625 766 13
657 276 6
657 276 17
696 330 0
696 330 25
696 330 22
696 715 23
722 620 24
741 971 9
762 18 8
762 18 8
762 18 23
880 160 1
880 160 24
880 160 1
880 160 24
880 160 8
880 160 23
880 160 4
883 319 6
883 319 6
883 319 4
894 975 1
912 905 16
928 486 24
928 486 25
928 486 13
928 486 22
1020 422 8
1020 422 22
1026 404 3
1030 631 22
1030 631 5
1052 982 25
1052 982 8
1052 982 13
1052 982 13
1052 982 23
1059 24 8
1127 864 2
1127 864 23
1374 678 1
1374 678 2
1374 678 23
1379 38 1
1379 38 16
1379 38 3
1379 38 3
1379 38 5
1381 629 6
1381 629 12
1381 629 22
1381 629 23
1388 134 7
1388 134 13
1388 440 17
1388 440 13
1409 577 25
1410 435 16
1410 435 2
1410 435 4
1414 702 23
1420 617 0
1420 617 8
1420 617 6
1420 617 2
1420 617 23
1420 617 23
1426 495 22
1426 495 22
1451 109 25
1451 109 6
1468 843 0
1468 843 2
1469 346 24
1477 540 23
1477 540 4
1495 310 22
1496 821 8
1496 821 6
1498 260 0
1498 260 6
1504 212 3
1504 212 5
1529 872 24
1529 872 16
1533 55 17
1555 204 6
1555 204 3
1582 60 0
1582 60 0
1582 60 25
1582 60 25
1582 60 8
1582 60 4
1595 939 3
1601 316 6
1601 316 16
1601 316 13
1606 168 16
1606 168 5
1616 374 1
1616 374 24
1638 93 24
1638 93 4
1663 577 24
1685 293 16
1685 293 2
1724 411 1
1724 411 23
1724 411 4
1728 291 8
1728 291 9
1784 765 0
1784 765 16
1807 658 0
1807 658 13
1807 658 22
1823 568 4
1847 508 8
1847 602 4
1847 602 4
1884 450 1
1884 450 8
1884 450 6
1884 450 7
1884 450 13
1884 450 13
1884 450 5
1903 832 17
1903 832 23
1936 923 17
1950 803 8
1950 803 16
1950 803 13
2004 973 1
2004 973 2
2007 289 17
2007 289 17
2021 135 1
2021 135 7
2021 135 16
2021 135 3
2045 443 0
2045 443 8
2045 443 7
2045 443 17
216 206 9
216 206 16
216 206 13
216 206 2
216 206 23
216 206 23
2198 957 22
219 130 8
2202 741 0
2202 741 8
2219 515 7
2219 515 22
2222 350 24
2222 350 6
2222 350 17
2222 350 22
2233 561 25
2234 943 2
2234 943 23
2234 943 23
2246 740 9
2246 740 2
224 196 25
224 196 8
2255 97 0
2255 97 25
2255 97 6
2255 97 6
2255 97 13
225 612 8
2269 452 8
2302 218 1
2302 218 24
2302 218 16
2308 848 1
2308 848 16
2318 200 24
2318 200 25
2318 200 4
2318 200 5
2329 72 0
2329 72 25
232 572 7
232 572 2
232 572 22
2334 800 1
2334 800 8
2334 800 8
2334 800 23
2335 487 0
2335 487 23
2359 356 1
2359 356 25
2359 356 12
2359 356 3
2359 356 23
2359 356 4
235 349 0
235 349 25
235 349 6
235 349 6
235 349 12
235 349 13
235 349 2
2369 968 17
236 453 9
237 599 23
2380 624 16
2380 624 13
2383 733 0
2385 985 23
2386 461 13
2386 461 22
2386 650 1
2386 650 3
2386 650 5
2418 290 7
2418 290 16
2418 290 22
2419 992 1
2419 992 22
2419 992 22
2429 415 8
2429 415 8
2429 415 16
2429 415 3
2429 415 22
2463 806 6
2485 83 13
2485 83 22
2485 83 5
2560 93 25
2609 42 1
2609 42 24
2609 42 6
2609 42 17
2613 532 25
2613 532 17
2613 532 2
2623 906 24
2625 458 1
2648 664 7
2648 664 23
2665 2 25
2665 2 23
2665 2 4
2678 453 25
2678 453 23
2729 945 17
2729 945 12
2763 883 16
2763 883 13
2763 883 23
2812 336 1
2812 336 24
2812 336 9
2812 336 2
2812 336 23
281 180 23
281 180 4
2874 365 17
2881 793 7
2903 12 6
2907 297 0
2923 280 22
2924 202 1
2924 202 25
2924 202 3
2927 515 24
2927 515 16
2927 515 13
2959 752 12
2959 752 13
2959 752 4
2976 821 16
2976 821 4
2982 763 17
2982 763 23
2982 763 4
2987 762 1
2987 762 24
2987 762 16
2987 762 22
298 602 0
298 602 23
2997 955 12
2997 955 12
2999 770 6
2999 770 3
301 617 25
301 617 13
301 617 3
302 332 13
302 332 5
3210 728 17
3210 728 12
3210 728 23
3210 728 4
3216 29 24
3217 589 7
3217 589 16
3217 589 3
3226 432 1
3226 432 25
3226 432 6
3235 680 16
3242 291 2
3242 291 23
3244 528 22
3248 754 23
3254 490 16
3254 490 13
3254 490 23
3278 101 17
3278 101 3
3301 551 8
3334 740 1
3335 293 0
3352 744 3
3369 947 24
3386 471 9
3386 471 2
3402 341 13
3420 197 22
3425 963 2
3425 963 4
3428 188 0
3428 188 25
3428 188 25
3428 188 23
3457 302 5
3461 430 12
3474 570 1
3483 117 16
349 115 16
349 115 23
349 115 4
3539 782 25
3562 735 9
3590 828 24
3590 828 9
3590 828 16
3590 828 13
3590 828 4
3629 365 16
3704 266 9
3704 266 16
3704 266 13
3704 266 22
3707 356 6
3707 356 6
3707 356 17
3707 356 17
3707 356 12
3723 310 1
3723 310 2
3723 310 4
3733 362 1
3733 362 8
3773 240 3
3786 80 1
3786 80 2
3816 129 4
3862 366 1
3872 954 17
390 41 8
396 655 3
4211 853 2
4214 993 24
4214 993 24
4214 993 17
4214 993 2
4216 143 8
4216 143 22
4216 143 5
4227 706 1
4227 706 7
4227 706 22
4231 639 6
4248 254 22
4255 946 6
4257 941 4
4277 547 0
4277 547 6
4289 925 24
4289 925 23
4326 120 9
4381 822 4
4397 111 0
4397 111 1
4397 111 6
4397 111 12
4397 111 12
4397 111 2
4397 111 23
4412 259 6
4412 259 17
4419 175 25
4419 175 12
4429 244 2
445 925 12
446 733 17
446 733 4
4470 297 0
4470 297 25
4470 297 2
4470 297 23
4472 573 8
4472 573 12
4475 411 17
4475 411 12
4475 411 23
4483 453 7
4509 957 17
4514 310 17
4514 310 4
4549 447 1
4549 447 24
4549 447 8
4566 924 1
4584 565 8
4584 565 6
4584 565 2
4584 565 23
458 107 9
458 107 16
458 107 17
4627 354 13
4630 121 7
4630 121 17
4635 47 25
4635 47 16
4635 47 13
4635 47 5
4655 349 5
465 19 16
4660 304 0
4660 304 2
4660 769 16
4660 769 3
4665 404 25
4665 808 13
4665 808 2
4665 808 23
4667 106 2
4672 904 16
4688 452 25
4688 452 6
4693 710 23
4695 588 17
4695 588 12
4777 25 17
4777 25 3
481 942 8
4828 449 6
4828 449 17
482 839 0
482 839 25
482 839 17
4843 391 1
4843 391 24
4843 391 7
4843 391 16
4861 422 8
4861 422 16
4861 422 3
4875 267 6
4875 267 2
4875 267 2
4875 267 23
4875 267 23
4897 415 3
4897 415 22
4947 841 17
4947 841 12
498 890 4
786 689 7
786 689 17
786 689 22
794 960 25
803 182 25
806 459 23
806 746 17
806 746 3
806 746 22
821 445 9
829 816 17
829 816 2
851 297 25
851 297 8
851 297 17
851 297 12
851 297 23
866 392 0
866 392 1
866 392 13
872 480 25
872 480 9
880 616 13
891 516 8
891 516 12
891 516 23
899 847 4
901 736 1
901 736 24
903 281 7
903 281 16
903 281 13
903 281 3
903 281 4
919 962 2
927 661 0
928 373 0
928 373 8
937 349 24
976 727 8
989 335 12
989 335 23
993 561 3
993 561 5
993 561 5
1003 140 9
1003 450 0
1009 932 23
1071 266 17
1082 831 7
1082 831 16
1101 542 9
1101 542 7
1101 542 22
1122 43 1
1137 950 23
1137 950 4
1137 950 23
1151 256 1
1151 256 1
1151 256 2
1151 256 22
1166 58 16
1166 58 16
116 582 17
1173 543 6
1173 543 17
1173 543 2
1184 994 24
1184 994 7
1184 994 12
1217 695 1
1217 695 9
1410 620 24
1410 620 16
1412 345 1
1412 345 6
1433 688 24
1433 688 12
1433 688 12
1433 688 2
1433 688 23
1433 688 4
1437 22 24
1437 22 7
1437 22 16
1441 952 0
1441 952 12
1463 473 0
1463 473 1
1463 473 8
1463 473 9
1471 294 7
1496 899 13
1496 899 22
149 964 16
149 964 13
1516 317 24
1516 317 25
1516 317 16
1526 561 23
1544 891 8
1544 891 16
1569 137 0
1569 137 25
1569 137 7
1569 137 16
1569 137 13
1569 137 2
1569 137 23
1572 826 25
1577 346 25
1578 268 4
1580 841 17
1580 841 3
1586 443 13
1586 443 13
1596 499 25
1596 499 17
1596 499 2
1617 563 22
1618 748 23
1634 158 16
164 765 6
1669 644 23
1676 38 2
1689 742 1
1689 742 2
175 130 24
2026 511 23
2044 459 25
2044 459 7
2048 941 7
2048 941 4
2063 282 23
2063 282 23
2074 461 6
2074 461 2
2076 94 25
2116 87 16
2116 87 13
2120 716 13
2120 716 22
2120 716 4
2130 536 22
2132 523 0
2132 523 1
2132 523 2
2142 383 3
2151 747 6
2151 908 22
2168 942 5
2196 686 1
2199 691 25
2199 691 17
227 434 1
232 766 6
232 766 6
232 766 2
232 766 2
232 766 23
232 766 23
232 766 4
254 350 17
254 350 12
294 607 1
294 607 24
302 898 6
302 898 7
302 898 3
361 891 3
45 559 17
52 596 24
65 661 25
699 872 24
699 872 24
699 872 9
699 872 7
699 872 16
734 705 9
734 705 17
765 600 7
76 649 6
76 649 17
805 834 22
805 834 23
810 438 25
810 438 25
810 438 6
810 438 6
810 438 13
810 438 13
815 567 7
817 224 4
82 212 0
82 212 0
842 642 7
849 360 22
849 360 23
84 436 9
84 436 13
85 56 0
85 56 6
85 56 17
85 56 4
86 551 0
879 625 7
880 589 6
893 163 24
893 163 7
89 233 25
89 233 6
89 233 17
89 233 2
907 174 25
907 174 16
907 174 16
923 91 25
923 91 23
928 867 24
928 867 17
961 689 12
961 689 22
974 433 3
974 433 22
97 412 6
1003 891 2
1051 988 24
1051 988 6
1051 988 16
1051 988 13
1051 988 2
1072 889 24
1096 97 0
1096 97 16
1096 97 3
1096 97 22
1099 957 8
1148 779 25
1148 779 17
1148 779 2
1148 779 23
1167 311 9
1167 981 7
1178 422 25
1178 422 12
1178 422 3
1181 75 25
1181 75 2
1208 885 1
1208 885 1
1208 885 22
1252 705 8
1252 705 6
1252 705 17
1315 594 24
1315 594 24
1315 594 2
1329 760 9
1329 760 6
1329 760 7
1348 416 8
1374 169 7
1374 169 13
1424 458 8
1424 458 6
1424 458 22
1698 255 24
1698 255 5
1708 320 1
1718 165 17
1720 162 24
1720 162 16
1724 652 25
1735 110 8
1735 110 13
1735 110 23
1745 739 13
1751 940 17
1763 297 4
1779 940 8
1779 940 17
1779 940 17
1801 835 1
1801 835 17
1826 15 7
1834 836 25
1834 836 16
1842 842 3
1842 842 22
1857 988 25
1857 988 6
1857 988 17
1858 561 22
1858 561 5
1873 883 17
1874 467 24
1874 467 6
1874 467 17
1874 467 13
1874 467 22
1883 339 3
1883 339 4
1883 547 7
1883 547 5
1902 413 23
1902 413 4
1909 728 6
1912 620 17
1912 620 17
1921 55 4
1921 416 24
1921 416 9
1921 416 3
1946 660 23
1962 742 9
1977 185 16
1977 185 13
1981 151 23
1996 320 0
1996 320 25
1996 320 9
1996 320 23
2002 791 17
2002 791 23
2014 642 0
2028 54 1
2028 54 7
2028 54 16
2028 54 22
2041 784 7
2041 784 16
2055 995 6
2064 193 2
2088 655 25
2092 779 24
2099 277 17
2099 277 2
2099 277 23
2101 469 8
2101 469 13
2104 269 16
2104 269 13
2104 269 22
2104 269 5
2119 852 4
2121 971 8
2135 155 8
2135 155 8
2136 363 1
2136 363 9
2150 126 2
2150 126 4
2159 430 25
2159 430 25
2159 430 8
2159 430 7
2159 430 16
2170 459 5
2170 459 5
2201 333 1
2201 333 7
2201 333 7
2201 333 12
2201 333 22
2214 522 6
2214 522 2
2247 894 6
2247 894 22
2265 811 0
2265 811 16
2265 869 3
2265 869 22
2265 946 0
2265 946 25
2265 946 16
2265 946 23
2291 235 12
2291 235 12
2291 235 2
2293 64 1
2293 64 22
2304 515 25
2304 515 4
2308 529 16
2314 752 17
2337 56 6
2337 56 23
235 871 6
237 468 25
237 468 9
237 468 13
261 200 1
261 200 16
261 200 17
261 200 3
261 200 4
270 450 24
270 450 9
277 724 24
277 724 8
277 724 4
2847 127 4
284 479 17
284 479 4
2855 955 9
2872 24 24
2872 24 7
2883 359 25
2883 359 9
2883 359 12
2883 359 12
2883 671 7
2883 671 3
2886 547 24
2886 547 9
2886 547 6
2886 547 17
2897 542 7
2906 723 16
2912 969 25
2912 969 8
2935 845 24
2949 512 13
2949 512 22
2966 103 9
2966 103 22
2973 704 0
2980 463 9
2990 548 0
2990 548 0
2990 548 17
3000 871 1
3001 139 24
3040 917 5
3087 396 0
3087 396 8
3087 396 9
3087 396 16
3106 477 12
3116 960 24
3116 960 23
3116 960 23
3117 668 23
3117 668 4
3129 43 6
3129 43 17
3129 43 3
3129 43 23
3129 43 23
312 585 7
3137 420 16
3137 420 4
3139 31 23
3156 595 16
3156 595 13
3156 595 22
3164 939 25
3164 939 6
3164 939 23
316 233 3
316 233 22
3185 43 24
3185 43 12
3185 43 2
3185 43 2
3185 43 23
3192 152 17
319 160 7
319 160 16
319 340 12
3243 518 8
3243 518 23
3265 434 25
3399 400 1
342 731 25
3430 543 17
3452 80 0
3452 80 2
3452 80 23
3452 80 4
3452 399 25
3455 237 0
3455 237 3
3460 165 0
3460 165 17
3460 165 17
3460 165 3
3460 165 3
3476 964 24
3476 964 6
3476 964 7
3476 964 12
3476 964 13
3480 114 24
3481 431 2
3481 431 23
3481 431 4
3501 238 8
3501 482 25
3501 482 23
3517 417 0
3525 229 25
3525 229 8
3527 565 8
3527 565 3
3529 648 16
352 845 23
3531 423 6
3531 423 22
3531 828 9
3531 828 9
3531 828 16
3531 828 22
3547 750 1
3547 750 17
3547 750 12
3553 547 1
3553 547 24
3553 547 7
3562 118 16
3562 118 22
3565 809 1
3567 821 25
3567 821 8
3578 576 13
360 347 2
3617 581 24
3617 581 13
3621 50 16
3628 526 25
3628 526 8
3668 13 23
3679 355 0
3679 355 8
3705 126 24
3705 126 2
3705 126 23
3769 352 25
3770 987 1
3770 987 7
3770 987 16
3770 987 22
3773 156 17
3773 156 17
3775 505 22
3775 505 5
3776 342 25
3776 342 13
3789 938 17
3811 779 8
3811 779 12
382 675 1
382 675 1
382 675 8
382 675 8
382 675 6
382 675 6
382 675 13
382 675 3
394 949 6
408 209 0
408 209 25
418 607 22
421 715 4
433 646 7
660 832 24
660 832 9
660 832 16
662 547 6
662 547 23
665 306 16
666 608 16
666 608 17
682 663 24
692 599 13
704 81 9
704 81 13
704 81 5
707 469 24
707 469 6
707 469 2
713 572 17
744 629 25
744 629 6
744 629 23
751 43 24
751 43 22
751 43 5
763 127 1
763 127 7
774 813 9
774 813 12
774 813 4
778 728 24
778 728 13
778 728 22
780 500 17
788 415 1
788 415 9
788 415 13
788 415 13
799 446 9
829 158 24
829 158 25
829 158 12
832 610 1
832 610 25
832 610 17
832 610 13
857 888 1
857 888 9
857 888 7
857 888 16
857 888 12
956 841 23
979 421 12
984 792 4
2694 729 16
2694 729 13
2706 514 9
2706 514 9
2706 514 7
2706 514 13
2706 514 22
2715 818 5
104 675 13
104 675 23
116 723 1
116 723 9
116 723 7
121 766 23
128 518 6
132 532 24
132 532 17
132 532 12
133 966 1
133 966 1
133 966 9
133 966 16
133 966 16
158 625 17
163 158 6
164 939 1
164 939 7
164 939 3
185 224 2
200 163 0
200 163 2
24 174 7
24 174 16
265 3 0
265 3 8
483 595 16
491 180 8
491 180 12
492 873 6
502 426 16
511 345 17
511 345 13
517 512 24
517 512 7
517 512 17
517 512 12
542 235 24
542 235 23
542 235 23
544 476 0
562 522 7
562 522 16
562 522 16
562 522 23
590 292 12
592 537 22
595 125 16
595 125 13
597 806 17
603 469 23
603 492 8
603 492 23
605 232 22
607 660 1
610 160 17
613 791 24
613 791 25
61 122 3
61 122 22
622 34 6
622 34 12
622 34 22
634 235 16
638 85 24
638 85 3
649 640 8
652 408 22
674 341 0
674 341 1
674 341 8
674 341 9
704 918 16
728 577 1
728 577 24
728 577 13
728 577 3
728 577 22
728 577 4
729 589 24
739 587 7
739 587 16
739 587 12
748 621 16
748 621 16
748 621 2
748 621 22
753 599 25
753 599 17
753 599 12
753 599 2
753 599 2
754 331 1
754 331 24
754 331 9
754 331 16
754 331 23
771 266 1
771 266 22
773 926 5
784 83 7
796 362 2
796 362 23
803 384 8
803 708 2
803 708 23
803 708 4
814 500 9
814 500 9
814 500 23
83 12 13
83 12 4
849 13 24
861 734 0
861 734 1
861 734 2
861 734 23
885 563 9
903 82 12
103 483 25
103 483 22
115 224 2
115 224 4
11 402 17
121 783 0
121 783 16
121 783 16
121 924 25
121 924 17
121 924 13
124 788 16
124 788 13
124 788 23
124 788 4
131 99 16
131 99 22
134 83 24
134 664 0
134 664 1
136 858 8
136 858 8
136 858 4
139 621 13
139 621 2
141 971 17
141 971 5
147 730 0
147 730 25
147 730 17
15 484 0
15 484 25
15 484 8
15 484 17
15 484 12
15 484 17
15 484 12
174 790 1
174 790 7
174 790 2
189 426 16
189 426 22
205 137 0
205 137 25
205 137 25
205 137 13
218 672 7
218 672 7
218 672 13
222 974 23
22 935 6
22 935 17
22 935 17
236 177 3
236 813 16
256 183 22
256 183 5
261 625 7
261 625 2
35 171 6
35 171 17
40 291 6
40 291 16
40 291 2
42 115 12
52 728 16
52 728 13
52 728 22
54 129 17
55 328 4
56 438 1
56 438 24
60 57 1
60 57 17
667 493 6
667 493 17
671 87 2
673 307 2
673 307 23
686 780 12
687 768 23
692 62 9
693 93 24
696 16 2
696 617 5
69 470 16
69 470 13
704 321 25
704 321 12
704 321 2
704 321 23
704 321 4
753 793 12
753 793 22
759 662 9
762 255 0
774 191 16
779 768 8
779 768 9
798 738 9
798 738 2
801 489 24
801 489 23
81 492 3
828 346 2
828 346 23
828 346 5
836 165 0
836 165 12
836 165 23
836 283 9
836 283 17
836 823 17
837 786 16
861 365 3
870 35 2
92 530 6
92 530 6
96 41 16
96 41 4
1004 309 1
1012 633 8
1012 633 12
1012 633 4
1020 796 8
1020 796 7
1022 59 1
1022 59 9
1022 59 7
1022 59 13
1022 59 2
1129 619 4
1136 301 24
1136 301 23
1136 777 0
1136 777 2
1136 777 23
1140 477 0
1140 477 25
1140 477 13
1141 40 25
1141 40 13
1143 339 22
1149 644 8
1152 682 0
1152 682 1
1152 682 8
1152 682 13
1152 682 4
1172 92 2
1179 30 24
1179 30 7
1179 30 16
1179 30 2
1179 30 2
1185 546 12
1189 637 25
1189 637 3
1190 467 8
1196 48 0
1196 48 25
1211 843 12
1211 843 4
1223 585 17
1223 585 23
1234 481 2
1234 481 22
1234 481 22
1254 152 24
1254 152 5
1257 819 16
1257 819 13
1257 819 22
1262 211 1
1262 211 16
1269 129 0
1272 957 24
1272 957 9
1290 828 16
1290 828 16
1296 892 25
1296 892 8
1296 892 12
1296 892 12
1333 275 2
1333 275 22
1347 29 12
1347 849 4
1355 273 22
1355 273 5
1361 947 6
1361 947 22
1375 575 16
1385 152 3
1394 251 7
1394 251 16
1394 251 13
1611 818 4
1613 653 6
1618 818 7
1630 731 24
1631 163 5
1631 429 9
1631 429 16
1637 422 22
1645 43 0
1653 216 23
1653 350 22
1654 38 9
1654 38 7
1654 38 16
1654 38 3
1654 38 22
1654 38 5
1667 885 22
1674 99 6
1675 113 8
1677 358 9
1677 358 16
1677 358 13
1692 667 16
1697 352 3
1698 135 1
1698 996 7
1698 996 13
1698 996 2
1698 996 2
1723 351 3
1725 193 7
1725 193 5
1736 5 7
1737 91 23
1737 91 4
1742 232 22
1742 232 23
1747 44 24
1747 44 16
1756 389 1
1756 389 5
1763 583 23
1769 959 8
1769 959 17
1769 959 17
1769 959 12
1769 959 3
1776 845 6
1787 725 16
1787 725 13
1787 725 23
1790 212 16
1790 212 5
1795 805 6
1815 681 9
1815 681 12
1825 896 1
1853 857 16
1853 857 12
1853 857 23
1863 284 6
1863 284 2
1868 143 7
1868 143 7
1877 681 7
1877 681 13
1877 681 5
1878 615 1
1878 615 25
1878 615 8
1878 615 16
1878 615 4
1884 754 13
1884 754 13
1884 754 2
1884 754 23
1895 849 12
1895 849 23
1909 437 7
1909 437 16
1932 519 12
1932 519 22
1932 519 4
1949 220 17
1949 220 2
1950 229 1
1951 586 8
618 302 24
618 302 25
618 302 5
623 549 22
624 296 9
629 194 1
631 949 1
631 949 24
631 949 9
633 932 0
633 932 25
633 932 6
634 120 24
634 120 9
639 88 13
658 737 7
658 737 16
663 692 16
678 107 3
701 962 13
701 962 22
705 590 2
705 590 23
705 590 5
714 909 7
714 909 22
717 725 16
723 896 16
732 875 6
732 875 17
737 68 13
739 63 7
739 63 16
739 63 16
739 63 5
739 234 1
743 496 24
755 773 22
755 773 23
756 24 17
756 24 23
761 166 8
761 166 12
776 462 9
776 462 12
777 78 2
787 647 25
787 647 8
787 647 22
788 242 5
794 40 9
794 40 13
827 156 25
827 156 6
839 135 25
839 135 16
842 659 8
842 659 23
850 740 0
850 740 9
850 740 2
850 740 23
856 530 1
883 541 6
907 841 24
907 841 9
911 959 3
922 300 25
942 476 8
950 87 24
952 639 23
961 419 12
961 419 13
966 404 24
966 404 9
966 404 13
966 404 5
982 0 4
984 453 1
984 453 7
984 453 13
984 453 2
984 453 23
332 609 0
332 609 2
334 520 22
347 258 25
349 43 2
351 22 7
351 22 17
351 22 17
351 22 2
351 22 3
367 660 9
367 660 16
367 660 16
367 660 13
367 660 13
367 940 6
367 940 12
368 512 1
368 512 24
368 512 5
369 677 1
369 677 24
369 677 9
369 677 13
369 677 3
369 677 3
369 677 5
389 69 25
389 69 17
389 69 12
393 373 1
393 373 24
393 373 1
393 373 24
393 373 17
398 859 25
398 859 8
398 859 13
398 859 2
398 859 4
400 327 1
400 327 24
400 327 7
415 536 0
415 536 17
429 774 24
429 774 24
429 774 6
429 774 12
429 774 12
433 881 4
462 228 7
475 821 16
487 674 25
489 364 24
496 548 12
496 548 23
549 280 7
549 280 3
549 280 22
560 289 4
564 983 6
572 176 0
573 417 1
573 417 24
573 417 7
573 417 7
573 417 13
576 394 13
576 394 22
578 601 22
594 134 8
601 972 16
601 972 12
608 192 9
608 192 17
608 192 13
608 192 4
610 880 6
620 291 6
625 739 3
669 631 17
669 631 23
689 465 0
689 465 1
689 465 8
689 465 7
692 781 7
692 781 22
1190 927 7
1190 927 16
1193 318 25
1193 318 8
1193 318 16
1193 318 13
1193 318 4
1193 318 4
1193 849 25
1193 849 13
1204 16 13
1204 16 3
1204 16 22
1210 73 7
1211 99 16
1211 99 16
1211 99 3
1212 33 6
1218 524 23
1222 458 13
1232 599 22
1236 579 7
1236 579 16
1236 579 13
1236 579 22
1240 756 16
1240 756 3
1240 756 22
1247 794 13
1247 794 22
1252 286 25
1252 286 9
1252 286 6
1252 286 13
1257 938 5
1270 686 2
1271 140 1
1271 140 25
1271 140 13
1282 577 0
1282 577 25
1282 577 16
1282 577 16
1284 983 1
1298 583 22
1298 583 4
1304 395 0
1304 395 3
1304 395 22
1311 179 0
1311 179 1
1311 179 9
1311 179 9
1311 179 2
1311 179 23
1348 318 8
1348 318 17
1351 491 16
1351 491 2
1351 491 23
1352 179 8
1362 682 9
1362 682 7
1362 682 16
1362 682 13
1369 726 0
1369 726 6
1369 726 3
1379 571 25
1379 571 16
1379 571 5
1379 812 12
1385 118 4
1385 118 5
1403 640 7
1404 454 16
1413 763 0
1413 763 7
1430 0 25
1440 406 0
1446 98 17
1446 98 17
1453 77 25
1453 77 9
1532 371 17
1596 906 1
1601 753 16
1601 753 13
1606 62 0
1606 62 6
1610 737 8
1614 614 24
1614 614 16
1625 527 24
1625 527 13
1633 173 17
1633 173 17
1633 173 2
1664 337 9
1664 337 2
1665 213 17
1665 213 12
1669 564 8
1680 279 0
1680 279 8
1680 279 7
1680 279 16
1680 279 3
1686 656 1
1721 277 2
1721 277 23
1721 277 4
1737 995 24
1212 632 1
1212 632 24
1212 632 24
1212 632 9
1212 632 17
1212 632 12
1212 632 23
1212 632 4
1213 69 0
1213 69 25
1214 535 8
1214 535 16
1231 351 13
1231 351 23
1258 992 0
1258 992 25
1258 992 6
1259 182 3
1259 182 5
1262 241 12
1263 302 23
1272 387 8
1278 24 6
1279 178 25
1299 508 4
1318 691 1
1322 243 12
1329 769 13
1329 769 22
1333 831 13
1333 831 5
1335 239 16
1346 128 3
1346 711 23
1360 118 6
1360 118 17
1360 118 4
1363 831 5
1370 781 24
1370 781 9
1370 781 16
1378 606 9
1379 532 0
1379 532 6
1379 532 17
1384 597 7
1384 597 7
1393 492 9
1393 492 4
1410 392 16
1410 392 13
1419 8 7
1419 8 16
1419 8 2
1419 527 23
1421 300 25
1421 300 12
1421 300 2
1444 205 16
1444 205 4
1487 689 9
1487 689 12
1504 55 17
1528 904 4
1532 158 9
1532 158 13
1558 995 7
1558 995 3
1598 395 24
1598 395 9
1598 395 2
1599 301 1
1599 301 24
1599 301 6
1599 301 17
1606 727 25
1606 727 16
1606 727 16
1606 727 23
1607 890 24
1617 479 16
1617 479 2
1618 101 7
1618 101 22
1618 101 4
1626 232 0
1626 232 1
1626 232 8
1626 232 8
1626 232 6
1626 232 17
1626 232 12
1626 232 2
1651 454 1
1684 651 13
1684 651 23
1684 651 5
1767 729 1
1767 729 6
1767 729 7
1779 734 0
1779 734 12
1779 734 2
1869 672 6
1870 888 9
1889 230 0
1889 230 25
1889 230 7
1906 949 12
1924 955 7
1924 955 16
1925 131 9
1928 262 9
1928 262 6
1928 262 12
1928 262 3
1928 262 22
1928 646 6
1934 150 6
1934 150 17
1934 150 2
1934 150 23
194 284 23
1955 51 8
1955 51 17
1955 51 12
1955 51 23
1955 51 4
198 826 25
198 826 8
1992 160 1
1992 160 17
2002 709 8
2009 243 1
2009 243 8
2009 243 8
2009 243 16
200 249 12
201 32 8
201 32 17
201 32 12
201 32 2
201 32 2
201 502 3
201 926 1
202 315 4
225 524 9
342 967 17
343 723 1
343 723 13
350 559 0
350 559 8
350 559 2
351 369 0
351 369 22
351 760 1
351 760 24
351 760 3
351 760 5
352 265 0
354 682 1
362 779 7
365 903 3
377 856 2
385 362 24
385 362 16
402 284 23
402 284 4
404 271 2
406 697 0
409 748 13
411 510 3
411 928 13
424 875 22
424 875 23
433 150 7
433 150 16
433 150 22
435 272 1
435 272 24
436 939 8
468 990 6
484 361 24
484 361 7
486 224 1
486 224 7
487 84 0
487 84 2
487 84 3
496 350 8
505 664 5
508 155 12
508 155 4
529 215 4
539 682 0
539 682 7
539 682 23
541 263 1
552 413 12
560 187 17
560 187 13
560 187 2
563 70 0
563 70 25
563 70 6
563 70 2
593 639 24
593 639 9
632 756 7
632 756 22
633 576 16
633 576 4
639 930 0
639 930 8
639 930 6
639 930 2
639 930 23
639 930 5
642 955 6
642 955 17
646 164 0
646 164 6
646 164 12
651 594 22
675 62 2
675 62 23
675 62 4
691 617 0
691 617 9
691 617 3
691 617 22
691 617 3
691 617 22
719 385 17
742 459 0
742 459 1
742 459 8
756 559 3
756 559 5
766 599 7
