1 5 2
1 157 6
1 197 17
1 421 6
1 423 8
1 435 9
1 435 24
1 531 7
1 541 12
1 639 5
1 639 22
1 679 24
1 817 25
1 848 16
1 985 8
107 46 1
107 46 5
107 102 22
107 558 24
107 587 12
107 740 4
107 795 0
19 390 9
19 390 13
19 407 2
19 428 8
19 428 23
19 683 22
19 711 17
2 13 4
2 160 25
2 308 24
2 513 12
2 558 7
2 558 9
2 859 23
20 25 8
20 130 16
20 250 6
20 268 12
20 273 23
20 334 3
20 382 22
20 620 3
20 620 5
20 706 1
20 848 22
20 848 23
21 70 25
21 198 5
21 212 13
21 459 16
21 467 0
21 553 9
21 894 8
21 903 12
22 61 0
22 161 2
22 339 4
22 374 1
22 639 22
22 675 2
22 804 25
23 259 1
23 350 2
23 421 2
23 472 16
23 472 17
23 555 2
23 841 0
23 841 22
23 859 24
23 963 16
24 38 7
24 87 7
24 92 0
24 155 1
24 156 2
24 156 4
24 165 12
24 176 23
24 211 13
24 381 22
24 381 23
24 386 1
24 386 16
24 442 1
24 486 23
24 517 17
24 555 1
24 816 1
24 854 6
24 887 4
24 887 9
24 914 17
25 192 23
25 345 6
25 345 17
25 462 24
25 508 9
25 794 1
25 939 12
26 111 6
26 111 17
26 157 7
26 198 2
26 242 5
26 242 22
26 370 2
26 404 25
26 427 7
27 106 5
27 247 7
27 355 16
27 557 23
27 557 25
27 634 9
27 744 1
27 744 24
27 761 17
27 935 12
27 935 13
27 961 4
27 961 9
108 63 23
108 80 9
108 80 24
108 175 5
108 282 25
108 329 23
108 455 12
108 578 5
108 578 22
108 655 13
108 655 25
108 674 16
108 871 25
108 896 23
28 20 6
28 128 3
28 128 22
28 403 0
28 403 25
28 619 1
28 697 2
28 882 0
29 106 25
29 505 4
29 732 23
29 736 24
29 832 22
29 866 24
3 24 8
3 98 2
3 177 24
3 233 1
3 515 17
3 554 1
3 722 17
30 87 16
30 142 2
30 175 3
30 317 9
30 333 1
30 348 1
30 348 23
30 372 0
30 872 13
30 990 4
31 116 13
31 227 6
31 243 17
31 449 4
31 486 24
31 541 22
31 607 4
31 676 4
31 757 23
31 785 25
32 0 13
32 91 3
32 127 17
32 189 7
32 189 16
32 377 9
32 377 16
32 403 12
32 675 12
32 695 5
32 710 7
32 710 22
32 764 22
32 851 3
32 851 6
32 954 9
32 962 16
32 984 16
33 165 22
33 168 16
33 178 7
33 196 23
33 463 0
33 568 4
33 568 16
33 617 4
33 631 25
33 636 3
33 666 7
33 713 6
33 770 9
33 791 3
33 887 1
34 478 3
34 686 2
34 791 0
35 16 5
35 16 13
35 134 17
35 216 9
35 332 24
35 358 1
35 412 25
35 455 9
35 711 8
35 711 25
35 867 24
35 913 2
35 960 0
35 976 13
35 976 16
36 76 8
36 171 5
36 249 7
36 282 23
36 655 23
36 679 2
36 882 2
36 882 22
109 104 1
109 205 16
109 256 12
109 346 4
109 346 12
109 346 17
109 493 1
109 526 25
109 585 2
109 917 17
109 925 8
37 90 25
37 121 4
37 121 23
37 179 6
37 179 22
37 443 12
37 443 17
37 444 6
37 456 25
37 569 12
37 630 9
37 630 25
37 704 5
37 704 7
37 735 24
37 738 7
37 887 25
37 896 0
37 896 9
37 976 12
38 67 5
38 67 16
38 67 22
38 126 8
38 242 24
38 251 5
38 251 22
38 328 22
38 757 8
38 757 9
38 811 16
39 73 1
39 288 25
39 405 13
39 515 6
39 767 5
39 941 25
4 48 0
4 183 9
4 522 6
4 763 12
4 842 8
4 849 16
40 54 12
40 54 24
40 101 1
40 471 13
40 491 1
40 664 8
40 664 25
41 50 3
41 228 17
41 379 7
41 392 22
41 392 23
41 466 22
41 623 25
41 636 4
41 636 23
41 737 5
42 137 3
42 272 4
42 328 1
42 433 0
42 461 5
42 461 23
42 479 8
42 670 9
42 719 8
42 826 17
42 948 8
43 22 2
43 22 5
43 22 24
43 167 2
43 175 0
43 352 25
43 377 9
43 459 9
43 502 2
43 589 13
43 589 25
43 684 17
43 785 9
43 785 24
43 944 22
43 971 8
44 22 22
44 44 8
44 127 25
44 152 0
44 173 9
44 173 24
44 233 4
44 233 23
44 274 3
44 274 5
44 336 1
44 336 9
44 336 23
44 432 4
44 672 8
44 672 25
44 676 16
44 943 6
45 351 25
45 564 4
45 564 22
45 891 22
45 891 23
11 83 24
11 500 8
11 661 16
11 777 16
11 838 3
11 970 2
46 83 0
46 101 2
46 101 3
46 101 13
46 135 8
46 334 13
46 383 0
46 383 25
46 410 0
46 429 6
46 522 2
46 522 4
46 522 23
46 580 25
46 582 13
46 893 25
47 88 12
47 92 4
47 347 1
47 347 22
47 608 23
47 628 2
47 705 7
47 705 8
47 705 16
47 789 9
47 923 1
47 923 24
48 70 1
48 167 25
48 177 2
48 177 17
48 177 22
48 202 1
48 376 4
48 386 23
48 530 3
48 530 24
48 759 16
48 831 3
48 856 13
48 856 17
49 95 24
49 134 3
49 256 2
49 572 9
49 640 23
49 651 24
49 701 1
49 701 4
49 786 3
5 57 5
5 197 1
5 197 24
5 228 22
5 335 8
5 554 24
5 568 22
5 612 7
5 684 3
5 684 5
5 684 22
5 684 24
5 738 25
5 850 2
5 854 24
5 912 1
5 912 16
50 99 6
50 245 22
50 329 13
50 329 24
50 418 1
50 449 8
50 479 16
50 479 25
50 572 24
50 612 9
50 636 16
50 757 4
50 826 12
50 887 25
51 76 7
51 76 24
51 111 9
51 147 17
51 168 17
51 178 4
51 296 12
51 339 3
51 389 4
51 390 7
51 526 3
51 904 5
51 985 4
52 43 13
52 157 0
52 157 25
52 337 24
52 483 12
52 808 0
52 920 22
53 137 3
53 197 12
53 347 6
53 347 8
53 474 22
53 520 0
53 520 23
53 743 23
53 942 24
54 113 16
54 224 7
54 224 24
54 299 4
54 340 7
54 459 12
54 469 23
54 508 7
54 844 13
54 986 13
110 30 23
110 97 23
110 549 0
110 620 24
110 639 22
110 662 8
110 669 1
110 708 1
110 708 8
110 804 9
110 901 17
110 907 16
55 57 8
55 214 2
55 260 23
55 508 17
55 655 4
55 730 1
55 730 2
55 906 13
55 938 24
55 938 25
55 955 6
55 968 3
56 23 6
56 79 0
56 265 4
56 323 8
56 428 24
56 476 7
56 527 2
56 527 16
56 702 6
56 947 5
56 947 25
57 89 12
57 212 17
57 212 23
57 261 6
57 261 22
57 313 17
57 416 24
57 470 8
57 623 22
57 665 23
57 767 2
58 111 23
58 137 7
58 137 8
58 169 23
58 195 1
58 307 12
58 320 3
58 322 8
58 571 17
58 571 23
58 608 8
58 608 12
58 654 12
58 691 12
58 696 5
58 813 22
58 830 2
58 845 12
58 852 22
58 856 12
59 121 17
59 199 2
59 356 12
59 462 7
59 468 3
59 595 24
59 612 12
59 856 6
59 954 24
59 997 1
6 29 8
6 29 9
6 231 16
6 234 23
6 253 6
6 253 23
6 302 25
6 366 22
6 641 24
6 678 4
6 742 7
6 765 24
6 831 5
6 858 13
6 954 7
60 29 22
60 143 7
60 230 6
60 230 17
60 282 9
60 326 3
60 326 17
60 326 24
60 417 1
60 417 16
60 417 22
60 993 16
61 97 22
61 253 8
61 346 3
61 368 23
61 490 9
61 517 16
61 543 4
62 109 0
62 109 7
62 120 9
62 430 1
62 430 4
62 605 0
62 704 13
62 724 4
62 728 1
62 728 9
62 728 17
62 877 16
63 20 9
63 20 24
63 96 6
63 234 2
63 291 0
63 708 2
63 844 4
63 915 3
63 915 5
63 951 23
111 18 24
111 68 25
111 232 5
111 237 6
111 237 12
111 436 23
111 505 22
111 535 24
111 585 8
111 768 8
111 768 25
111 874 9
111 874 12
111 874 17
111 943 25
64 185 16
64 402 16
64 448 6
64 448 23
64 513 16
64 595 23
64 658 2
64 658 23
64 780 13
64 898 23
64 987 17
64 987 25
64 989 7
64 989 8
65 141 24
65 412 24
65 480 24
65 482 0
65 553 1
65 576 23
65 702 16
65 727 1
65 788 16
65 876 9
65 935 12
65 986 2
66 85 6
66 151 7
66 370 22
66 399 16
66 549 9
66 582 1
66 651 23
66 742 17
66 752 23
66 763 24
66 777 2
66 824 24
66 909 5
66 909 7
66 942 23
66 975 8
67 194 12
67 375 8
67 378 3
67 378 16
67 419 4
67 419 12
67 419 23
67 456 1
67 523 16
67 805 17
67 877 24
68 77 24
68 150 23
68 219 24
68 231 4
68 513 12
68 565 12
68 768 12
68 768 22
69 85 1
69 110 5
69 110 13
69 155 24
69 170 9
69 178 4
69 178 23
69 222 1
69 275 5
69 338 9
69 350 5
69 386 6
69 386 9
69 424 0
69 451 24
69 485 7
69 508 23
69 583 9
69 705 12
69 705 17
69 764 4
69 925 17
69 997 13
69 997 17
7 148 1
7 148 9
7 192 25
7 317 1
7 508 6
7 629 25
7 661 3
7 661 12
7 700 9
7 700 24
7 701 2
7 724 3
7 782 13
7 814 23
7 814 25
7 824 24
7 873 12
7 873 23
7 899 2
7 899 3
7 945 5
70 132 22
70 154 5
70 240 8
70 263 0
70 263 4
70 263 25
70 278 3
70 336 23
70 336 25
70 510 12
70 572 23
70 623 4
70 703 25
70 837 12
70 841 1
70 917 23
70 941 12
70 941 17
71 81 24
71 196 2
71 237 1
71 237 24
71 352 25
71 368 24
71 416 1
71 416 2
71 429 12
71 511 8
71 637 9
71 641 8
71 685 17
71 690 4
71 778 24
71 788 2
71 966 0
71 996 25
72 46 9
72 92 1
72 92 9
72 197 1
72 197 24
72 229 16
72 254 22
72 254 24
72 419 9
72 419 24
72 571 4
72 621 3
72 621 25
72 772 7
72 859 8
72 861 4
112 42 17
112 103 23
112 135 13
112 456 16
112 508 16
112 528 4
112 748 23
112 795 25
112 826 8
112 826 9
112 899 24
112 958 5
112 958 9
73 111 0
73 226 12
73 226 17
73 279 23
73 358 17
73 366 24
73 370 9
73 394 13
73 429 23
73 446 2
73 446 17
73 454 6
73 469 22
73 583 8
73 625 12
73 745 5
73 792 23
74 35 2
74 181 5
74 181 6
74 182 16
74 482 12
75 89 24
75 142 4
75 219 4
75 232 0
75 232 9
75 496 25
75 503 16
75 577 6
75 644 17
75 727 7
75 727 16
75 759 24
75 813 24
75 824 12
75 900 4
75 924 1
75 924 9
76 28 22
76 104 0
76 139 9
76 148 17
76 168 25
76 259 16
76 303 8
76 333 2
76 476 13
76 525 1
76 538 23
76 658 5
76 700 23
76 769 8
76 769 12
76 892 25
77 142 5
77 461 1
77 461 2
77 461 13
77 523 23
77 568 23
77 908 22
78 21 9
78 362 17
78 682 6
79 3 6
79 3 13
79 19 1
79 232 22
79 232 24
79 261 13
79 362 5
79 362 16
79 710 23
79 732 4
79 732 12
79 732 25
79 802 4
79 891 0
8 199 2
8 209 0
8 470 1
8 470 24
8 602 0
8 758 7
8 758 9
8 758 13
8 869 17
8 959 12
80 7 1
80 7 24
80 36 24
80 355 4
80 539 9
80 565 8
80 724 3
80 724 22
80 834 8
80 980 1
80 996 8
81 116 4
81 116 23
81 135 24
81 150 0
81 233 7
81 233 25
81 368 23
81 585 3
81 779 0
81 950 25
113 67 16
113 152 17
113 276 4
113 276 22
113 279 5
113 596 22
113 675 23
113 690 0
113 748 1
113 890 16
113 922 17
82 14 1
82 157 5
82 157 16
82 245 16
82 315 24
82 621 17
82 750 17
82 801 23
82 807 16
82 837 24
82 921 25
83 7 4
83 75 23
83 126 17
83 187 12
83 403 1
83 417 2
83 417 25
83 605 6
83 963 24
84 44 13
84 190 5
84 190 16
84 301 22
84 555 3
84 610 1
84 689 17
84 720 1
84 863 2
84 863 13
85 155 16
85 169 9
85 220 16
85 259 23
85 463 6
85 858 23
85 886 12
85 937 1
85 956 9
86 266 9
86 270 22
86 966 6
87 84 25
87 356 9
87 405 24
87 567 12
87 724 23
87 760 3
87 786 5
87 926 0
87 933 0
87 975 24
88 145 22
88 227 1
88 227 12
88 266 24
88 525 6
88 561 23
88 762 9
88 762 16
88 902 1
88 902 3
89 316 3
89 436 24
89 436 25
89 446 17
89 496 9
89 496 24
89 579 9
89 618 22
89 624 3
89 624 24
89 684 16
89 687 16
89 750 9
9 198 24
9 249 7
9 264 22
9 270 22
9 426 9
9 454 8
9 454 25
9 560 17
9 580 6
9 591 6
9 607 3
9 647 2
9 647 5
90 76 9
90 76 24
90 141 1
90 161 9
90 181 16
90 457 8
90 559 23
90 935 4
90 997 0
114 47 1
114 47 7
114 154 2
114 154 4
114 161 25
114 256 17
114 315 1
114 315 2
114 479 13
114 496 3
114 705 25
114 808 7
114 958 22
114 990 6
114 990 13
91 50 6
91 66 4
91 92 17
91 128 24
91 157 22
91 169 5
91 175 4
91 234 9
91 433 8
91 496 8
91 547 6
92 307 13
92 343 7
92 343 16
92 352 1
92 352 9
92 425 23
92 615 16
92 615 17
92 720 17
92 970 1
93 1 22
93 106 17
93 509 17
93 592 25
93 661 2
93 661 23
93 709 0
93 770 7
93 770 16
93 770 25
93 906 5
93 993 23
94 43 17
94 60 8
94 156 25
94 161 1
94 437 16
94 437 24
94 567 16
94 669 3
94 901 17
95 129 24
95 205 8
95 205 25
95 224 8
95 431 24
95 778 23
95 784 5
95 903 23
95 918 12
95 934 12
95 934 17
95 942 22
95 971 9
96 0 8
96 33 22
96 36 13
96 36 17
96 56 24
96 191 3
96 191 4
96 229 7
96 334 22
96 420 7
96 420 12
96 515 0
96 572 16
96 572 24
96 590 5
96 590 8
96 612 8
96 612 17
96 641 22
96 692 8
96 692 25
96 732 22
96 902 3
97 13 22
97 269 23
97 399 6
97 404 1
97 452 16
97 535 0
97 594 17
97 660 7
97 860 4
98 29 22
98 376 0
98 523 23
98 526 5
98 658 6
98 680 16
98 728 24
98 762 5
115 77 12
115 77 16
115 111 25
115 503 17
115 768 25
115 807 23
115 840 0
115 905 17
115 951 1
115 964 25
115 969 1
10 13 4
10 13 25
10 59 6
10 81 8
10 417 16
10 609 24
10 915 16
116 213 7
116 213 22
116 322 2
116 407 8
116 555 17
116 567 7
116 589 24
116 609 3
116 743 9
116 743 22
116 756 3
116 935 16
117 145 7
117 145 17
117 173 24
117 199 8
117 199 24
117 347 2
117 347 4
117 347 9
117 347 24
117 465 3
117 472 4
117 480 16
117 480 24
117 499 24
117 698 0
117 965 23
118 63 0
118 66 12
118 86 24
118 179 9
118 415 16
118 415 22
118 491 4
118 633 16
118 689 0
118 689 8
118 861 12
119 117 24
119 230 8
119 268 7
119 268 9
119 296 8
119 296 17
119 347 13
119 550 0
119 864 13
119 926 5
12 58 8
12 109 1
12 293 9
12 293 17
12 470 22
12 491 8
12 759 7
12 983 1
120 231 0
120 306 17
120 338 2
120 338 5
120 338 22
120 380 3
120 380 24
120 652 6
120 731 7
120 749 16
120 752 0
120 802 8
121 12 4
121 75 9
121 75 24
121 221 12
121 311 8
121 383 9
121 413 25
121 476 24
121 481 24
121 545 6
121 657 22
121 697 1
121 716 7
121 716 22
121 738 0
121 758 7
122 244 0
122 373 3
122 373 16
122 443 9
122 443 24
122 506 16
122 597 22
122 636 9
122 677 9
122 684 7
123 42 17
123 66 3
123 112 22
123 291 24
123 562 3
123 793 12
123 850 1
123 876 5
123 910 6
124 55 16
124 55 17
124 169 3
124 169 22
124 511 12
124 511 17
124 559 24
124 587 7
124 587 22
124 619 6
124 652 8
124 824 2
124 833 9
124 960 24
100 62 3
100 74 0
100 92 9
100 496 0
100 496 5
100 679 5
100 985 4
125 185 4
125 185 12
125 264 6
125 458 12
125 570 6
125 570 9
125 585 6
125 595 23
125 597 24
125 655 16
125 721 16
125 849 16
125 849 17
125 973 16
125 998 12
125 998 17
126 138 5
126 312 13
126 346 13
126 375 12
126 401 23
126 519 1
126 601 4
126 677 7
126 923 24
126 945 16
127 15 13
127 22 13
127 71 13
127 162 23
127 205 1
127 230 25
127 287 2
127 287 3
127 298 7
127 325 24
127 467 24
127 688 8
127 718 24
127 831 2
127 844 3
128 25 16
128 66 25
128 98 23
128 136 2
128 140 12
128 140 25
128 462 24
128 835 16
128 835 22
129 103 24
129 152 9
129 278 24
129 305 25
129 432 0
129 432 25
129 759 23
129 793 25
129 807 16
13 28 1
13 76 16
13 76 23
13 117 7
13 402 12
13 628 0
13 641 6
13 641 24
13 648 5
13 660 22
130 64 3
130 64 16
130 130 3
130 225 1
130 225 24
130 304 25
130 386 9
130 427 25
130 628 6
130 664 22
130 750 8
130 753 1
130 753 9
130 782 9
130 782 24
130 862 3
131 96 24
131 147 25
131 163 8
131 287 0
131 341 7
131 649 22
132 142 7
132 291 6
132 324 5
132 448 7
132 490 23
132 664 8
132 757 9
132 799 8
132 840 17
132 840 25
132 980 0
133 36 12
133 169 7
133 311 25
133 427 9
133 427 12
133 472 0
133 472 8
133 547 0
133 560 22
133 656 6
133 813 17
133 835 1
101 233 12
101 233 17
101 348 23
101 406 24
101 426 25
101 427 6
101 476 4
101 523 8
101 591 6
101 632 16
101 672 24
101 694 7
101 694 12
101 759 6
101 759 12
101 759 17
101 879 13
101 956 2
101 978 25
134 383 13
134 515 22
134 611 3
134 701 25
134 776 17
134 937 25
135 106 2
135 108 5
135 151 1
135 151 12
135 151 24
135 211 0
135 283 16
135 375 1
135 471 5
135 482 7
135 484 12
135 651 16
135 807 3
135 807 24
135 814 16
135 838 2
135 838 12
136 69 8
136 70 2
136 84 2
136 84 13
136 269 12
136 317 9
136 334 25
136 396 16
136 397 17
136 428 22
136 790 17
136 850 25
136 948 17
137 16 4
137 144 6
137 185 17
137 185 22
137 247 5
137 247 22
137 262 22
137 415 3
137 488 25
137 587 22
137 648 4
137 648 23
137 680 6
137 771 4
137 771 24
137 882 17
138 97 4
138 268 8
138 268 25
138 751 0
138 970 6
139 36 4
139 139 8
139 231 25
139 288 2
139 319 1
139 319 8
139 319 25
139 609 2
139 741 12
139 788 24
139 816 3
139 969 7
14 389 2
14 441 22
14 486 2
14 502 3
14 502 22
14 694 17
14 694 25
14 739 24
14 844 6
14 972 7
140 146 1
140 228 25
140 389 23
140 423 16
140 434 4
140 456 8
140 456 25
140 556 23
140 737 25
140 858 4
140 858 23
141 16 1
141 22 8
141 39 9
141 68 25
141 234 8
141 325 24
141 338 9
141 342 3
141 349 17
141 412 24
141 760 22
141 772 7
141 777 8
141 777 25
141 783 2
141 904 17
142 178 7
142 178 9
142 220 13
142 577 24
142 690 22
142 851 4
142 851 23
142 970 22
142 995 6
102 41 0
102 44 24
102 82 3
102 116 16
102 136 0
102 136 25
102 522 0
102 522 24
102 573 25
102 628 2
102 628 4
102 746 4
102 818 13
143 86 17
143 188 23
143 530 17
143 702 24
143 765 7
143 989 3
144 22 5
144 78 5
144 131 1
144 260 24
144 337 24
144 497 0
144 497 25
144 498 2
144 498 4
144 508 22
144 508 25
144 544 24
144 685 25
144 707 1
144 814 24
144 840 9
144 892 9
144 924 24
145 120 8
145 163 24
145 259 5
145 344 4
145 644 4
145 829 8
145 864 23
145 885 2
145 885 16
146 82 8
146 99 24
146 366 17
146 409 22
146 430 5
146 461 5
146 463 0
146 478 13
146 514 25
146 538 0
146 726 4
146 760 7
146 920 3
146 920 12
147 136 22
147 291 25
147 294 22
147 332 17
147 356 9
147 565 5
147 638 12
147 714 17
147 720 25
147 844 25
147 882 4
147 882 9
147 943 7
148 10 24
148 12 22
148 62 0
148 77 8
148 77 24
148 154 3
148 164 22
148 211 6
148 211 13
148 232 16
148 232 23
148 232 24
148 232 25
148 449 12
148 449 25
148 543 12
148 563 22
148 624 22
148 635 9
148 830 9
148 858 6
148 929 1
148 929 2
149 4 25
149 422 12
149 477 6
149 735 2
149 858 25
15 43 6
15 100 22
15 114 7
15 450 0
15 470 9
15 529 5
15 641 6
15 641 13
15 689 6
150 76 23
150 76 24
150 88 1
150 160 17
150 298 25
150 365 12
150 422 17
150 482 6
150 559 3
150 726 25
150 917 3
151 104 3
151 104 22
151 147 5
151 175 16
151 735 16
103 20 1
103 169 2
103 169 6
103 235 3
103 250 0
103 250 7
103 250 8
103 275 6
103 275 7
103 282 25
103 301 6
103 314 16
103 349 0
103 370 8
103 370 25
103 372 16
103 443 8
103 806 25
103 858 1
103 858 5
103 858 9
103 858 22
103 880 22
103 880 23
152 77 3
152 101 1
152 101 9
152 211 3
152 272 7
152 274 2
152 286 7
152 365 25
152 481 24
152 497 16
152 497 24
152 498 5
152 539 9
152 558 8
152 558 12
152 610 13
152 631 7
152 680 0
152 937 17
152 952 7
153 70 23
153 256 25
153 325 13
153 337 7
153 484 5
153 719 17
153 748 5
153 909 13
154 8 17
154 58 16
154 207 24
154 207 25
154 231 4
154 231 16
154 398 22
154 448 12
154 634 25
154 725 23
154 780 22
154 781 25
154 979 0
154 979 1
154 979 8
154 979 9
154 995 23
155 97 13
155 130 5
155 256 3
155 256 22
155 258 3
155 294 25
155 320 2
155 406 1
155 406 3
155 464 7
155 556 24
155 660 25
155 815 23
155 850 24
156 144 16
156 194 1
156 493 8
156 493 23
156 493 24
156 529 7
156 588 5
156 788 25
156 877 8
156 913 9
156 915 5
157 185 16
157 371 4
157 376 13
157 624 2
157 661 17
157 705 4
157 749 0
157 942 6
157 978 16
157 978 17
158 18 24
158 148 25
158 201 2
158 242 17
158 242 24
158 483 5
158 593 7
158 610 12
158 888 17
158 912 2
159 44 2
159 44 4
159 59 25
159 73 6
159 196 2
159 351 8
159 351 13
159 356 12
159 478 8
159 562 8
159 566 25
159 663 6
159 752 6
159 907 3
159 986 6
16 60 13
16 60 25
16 61 13
16 70 24
16 195 12
16 207 7
16 667 22
16 718 17
16 796 13
16 800 0
16 800 6
16 800 17
16 826 12
16 854 17
16 937 23
160 222 25
160 400 0
160 524 4
160 558 17
160 686 13
160 731 4
160 731 17
160 825 22
160 894 12
160 894 17
104 49 4
104 49 17
104 49 25
104 89 6
104 195 25
104 431 3
104 675 5
104 785 22
104 890 8
161 36 25
161 190 3
161 234 13
161 304 17
161 339 2
161 500 16
161 635 2
161 833 9
161 841 25
162 68 2
162 266 16
162 536 4
162 536 17
162 673 16
163 130 2
163 162 16
163 254 9
163 254 23
163 587 16
163 664 16
163 671 6
163 671 23
163 705 23
163 767 7
163 837 22
163 952 5
163 971 2
164 3 24
164 135 17
164 261 0
164 264 9
164 283 8
164 412 4
164 489 0
164 860 16
164 894 23
164 984 22
164 984 25
165 68 24
165 194 6
165 247 24
165 302 17
165 482 22
165 589 8
165 610 17
165 697 1
165 697 22
165 830 9
165 856 2
165 988 22
166 56 25
166 151 16
166 377 1
166 377 22
166 435 9
166 435 24
166 464 7
166 578 12
166 581 9
166 724 4
166 724 17
166 730 25
166 949 4
167 79 5
167 166 5
167 171 6
167 367 0
167 450 1
167 501 8
167 524 16
167 641 16
167 641 17
167 656 8
167 908 13
167 979 3
168 24 5
168 56 22
168 56 24
168 272 9
168 276 7
168 276 23
168 276 25
168 280 24
168 433 23
168 452 16
168 589 22
168 601 22
168 678 3
168 738 9
168 850 16
168 865 2
168 906 12
168 907 24
168 929 24
169 108 16
169 122 2
169 170 0
169 170 25
169 171 0
169 173 1
169 262 2
169 275 9
169 611 5
169 693 17
169 716 24
169 796 0
169 796 25
169 805 3
169 805 22
169 893 25
169 959 9
17 138 13
17 253 0
17 462 9
17 508 0
17 581 13
17 706 4
17 706 12
17 732 1
17 797 6
17 797 12
17 797 25
17 900 3
105 24 16
105 90 8
105 124 23
105 135 25
105 306 24
105 467 5
105 479 16
105 525 3
105 557 6
105 641 6
105 774 13
105 787 22
105 859 4
170 4 22
170 61 23
170 281 24
170 430 22
170 443 17
170 447 25
170 704 9
170 728 0
170 742 12
170 765 4
170 765 24
170 874 4
171 18 1
171 92 6
171 92 7
171 109 24
171 261 25
171 411 9
171 461 25
171 486 6
171 517 2
171 591 24
171 636 3
171 688 1
171 814 9
172 43 3
172 43 22
172 104 8
172 259 22
172 260 13
172 260 16
172 398 24
172 450 1
172 450 17
172 852 22
172 897 0
172 897 6
172 897 8
172 944 13
172 953 6
172 953 17
173 351 22
173 464 12
173 696 17
173 767 24
173 893 22
174 58 9
174 200 12
174 231 4
174 231 23
174 309 25
174 405 13
174 410 7
174 585 13
174 682 4
174 919 9
175 15 25
175 51 2
175 233 23
175 388 22
175 388 25
175 562 7
175 602 6
175 602 22
175 622 22
175 644 16
175 774 16
175 882 9
176 94 23
176 172 5
176 229 0
176 341 7
176 371 3
176 589 6
176 593 17
176 761 25
176 788 17
177 13 23
177 199 22
177 218 8
177 231 3
177 242 17
177 260 3
177 300 22
177 386 22
177 484 23
177 804 17
177 867 16
178 36 4
178 66 16
178 115 25
178 136 7
178 136 25
178 216 8
178 316 2
178 361 0
178 364 1
178 429 8
178 902 24
178 986 16
179 32 3
179 100 2
179 290 4
179 342 12
179 342 17
179 360 16
179 360 17
179 392 22
179 425 17
179 777 17
179 828 0
179 828 8
179 957 9
179 993 25
106 11 1
106 149 4
106 149 16
106 241 17
106 374 8
106 398 24
106 468 2
106 468 4
106 468 24
106 512 4
106 613 13
106 887 13
106 970 25
106 981 12
106 981 17
18 37 5
18 41 25
18 122 17
18 325 22
18 368 5
18 513 17
18 522 7
18 522 24
18 650 1
18 694 17
18 790 4
18 790 23
18 864 23
180 69 25
180 127 17
180 127 22
180 454 13
180 477 6
180 631 2
180 719 7
180 738 3
180 738 5
180 782 4
180 895 16
180 895 24
181 35 3
181 41 9
181 50 0
181 151 25
181 181 9
181 181 17
181 186 13
181 238 23
181 260 24
181 399 24
181 429 16
181 429 24
181 440 23
181 470 25
181 532 4
181 709 12
181 709 17
181 724 22
182 6 13
182 101 17
182 430 22
182 759 17
182 822 0
182 873 8
183 22 2
183 22 4
183 22 25
183 329 17
183 416 24
183 445 25
183 470 6
183 667 0
183 667 13
183 709 0
183 709 25
183 762 23
183 779 22
183 854 2
183 854 23
183 854 25
183 909 16
183 994 16
184 82 7
184 82 16
184 115 6
184 249 9
184 257 12
184 453 9
184 537 24
184 559 24
184 563 24
184 693 22
184 717 24
184 801 2
184 905 24
185 44 12
185 224 1
185 224 24
185 281 4
185 283 2
185 285 24
185 291 5
185 414 6
185 497 8
185 609 2
185 845 24
185 877 25
185 955 0
185 955 6
185 998 9
186 105 24
186 112 8
186 133 0
186 205 3
186 276 17
186 442 17
186 482 23
186 495 3
186 818 0
186 873 23
187 51 2
187 84 7
187 101 16
187 591 9
187 681 22
187 705 22
187 722 16
187 725 25
187 881 3
188 81 6
188 81 24
188 148 23
188 167 9
188 209 12
188 231 4
188 231 12
188 237 12
188 326 25
188 364 17
188 428 7
188 470 3
188 551 16
188 741 16
188 789 16
