1 5 2
1 157 6
1 197 17
1 423 8
1 435 9
1 531 7
1 541 12
1 551 17
1 639 22
1 679 24
1 817 25
1 817 0
1 848 16
1 985 8
25 188 24
25 192 23
25 345 17
25 345 6
25 462 24
25 508 9
25 745 23
25 794 1
25 939 12
10 13 25
10 13 6
10 13 4
10 59 6
10 417 16
10 609 24
116 213 22
116 237 17
116 322 2
116 407 8
116 567 7
116 589 24
116 743 9
116 743 22
116 756 3
116 935 16
116 935 9
117 8 17
117 8 22
117 30 1
117 145 17
117 145 7
117 173 24
117 199 8
117 199 24
117 347 9
117 347 2
117 347 4
117 347 24
117 465 3
117 472 4
117 480 16
117 480 24
117 499 24
117 698 22
117 698 0
117 924 4
117 965 23
118 63 0
118 66 12
118 292 25
118 415 22
118 491 4
118 633 16
118 861 12
119 230 8
119 268 9
119 268 7
119 284 0
119 296 17
119 296 8
119 347 13
119 550 0
119 864 13
119 926 5
119 985 12
12 58 8
12 293 9
12 338 7
12 470 22
12 491 8
12 759 3
12 759 7
12 983 1
120 231 0
120 306 17
120 338 22
120 338 2
120 380 3
120 749 16
120 752 0
120 802 8
121 12 4
121 75 9
121 75 24
121 217 13
121 221 12
121 413 25
121 476 24
121 481 24
121 545 6
121 657 22
121 697 1
121 716 7
121 738 0
121 758 7
122 244 0
122 244 25
122 373 3
122 443 9
122 443 24
122 597 22
122 677 9
122 684 7
122 797 24
123 42 17
123 66 3
123 68 2
123 112 22
123 291 8
123 291 24
123 562 3
123 793 12
123 850 1
123 876 5
26 111 17
26 157 7
26 242 22
26 242 5
26 370 2
26 404 25
26 427 7
124 169 22
124 511 17
124 559 24
124 587 7
124 587 22
124 652 8
124 824 2
100 62 3
100 74 0
100 92 9
100 496 5
100 496 0
100 679 5
100 985 4
125 185 4
125 185 12
125 264 6
125 570 9
125 585 6
125 595 23
125 721 16
125 849 17
125 849 16
125 973 16
125 998 17
125 998 12
126 138 5
126 312 13
126 346 13
126 519 1
126 601 4
126 677 7
126 923 24
126 945 16
127 15 13
127 22 13
127 71 13
127 162 23
127 205 1
127 287 3
127 325 24
127 688 8
127 716 3
127 718 24
127 831 2
127 844 3
127 871 7
128 25 16
128 66 25
128 98 23
128 140 25
128 140 12
128 462 24
128 804 12
128 835 16
129 103 24
129 152 9
129 305 25
129 432 25
129 759 23
129 793 25
13 28 1
13 30 17
13 76 23
13 117 7
13 402 12
13 460 4
13 583 25
13 628 0
13 641 6
13 648 5
13 660 22
130 64 3
130 130 3
130 225 1
130 427 25
130 628 6
130 664 22
130 750 17
130 750 8
130 753 9
130 753 1
130 782 9
130 782 24
131 147 25
131 163 25
131 341 7
131 550 17
27 342 24
27 355 16
27 557 25
27 565 24
27 629 22
27 634 9
27 744 1
27 761 17
27 897 25
27 935 13
27 935 12
27 961 9
132 142 7
132 291 6
132 314 7
132 324 5
132 448 7
132 664 8
132 757 9
132 840 25
133 169 7
133 273 22
133 311 25
133 311 6
133 427 9
133 427 12
133 440 22
133 472 8
133 472 0
133 547 0
133 560 22
133 656 6
133 682 17
133 813 17
133 958 2
101 233 17
101 233 12
101 348 23
101 406 24
101 476 4
101 523 8
101 591 6
101 610 24
101 672 24
101 694 7
101 759 17
101 759 6
101 759 12
101 879 13
101 956 2
134 57 23
134 383 13
134 515 22
134 776 17
134 937 25
135 106 2
135 108 5
135 151 24
135 211 0
135 283 16
135 375 1
135 471 5
135 482 7
135 484 12
135 613 24
135 651 16
135 684 25
135 807 24
135 807 3
135 838 2
136 69 8
136 70 2
136 84 13
136 84 2
136 269 12
136 271 5
136 317 9
136 334 25
136 396 16
136 397 17
136 428 22
136 790 6
136 850 25
136 948 17
137 14 3
137 144 6
137 185 17
137 185 22
137 218 0
137 247 5
137 247 22
137 262 22
137 415 3
137 488 25
137 648 4
137 680 2
137 680 6
137 771 4
137 771 24
137 882 17
137 898 9
138 97 4
138 170 17
138 268 25
138 751 0
138 957 23
138 970 6
139 139 8
139 319 25
139 319 8
139 319 1
139 515 12
139 609 2
139 788 24
139 816 3
139 969 7
14 389 2
14 441 22
14 486 2
14 502 3
14 502 22
14 694 17
14 694 25
14 844 6
14 889 2
14 972 7
108 80 9
108 80 24
108 151 4
108 282 25
108 329 23
108 491 1
108 578 22
108 655 25
108 655 13
108 674 22
108 674 16
108 694 1
108 871 25
108 896 23
140 228 25
140 389 23
140 423 16
140 434 4
140 456 25
140 471 23
140 556 23
140 737 25
140 858 23
140 858 4
141 16 1
141 22 8
141 39 9
141 325 24
141 338 9
141 342 3
141 349 17
141 554 24
141 760 22
141 772 7
141 777 25
141 777 8
142 178 9
142 178 7
142 220 13
142 443 5
142 690 22
142 851 4
142 851 23
142 851 17
142 970 22
142 995 6
102 41 25
102 41 0
102 44 24
102 82 3
102 136 25
102 136 0
102 160 7
102 522 0
102 522 24
102 628 4
102 628 2
102 746 4
102 818 7
102 818 13
143 86 17
143 188 23
143 530 17
143 765 7
143 989 3
144 22 5
144 78 5
144 131 1
144 260 24
144 337 24
144 492 0
144 497 25
144 497 0
144 498 2
144 498 4
144 508 25
144 508 22
144 544 24
144 685 25
144 707 1
144 814 24
144 840 9
144 892 9
144 924 22
144 924 24
145 120 8
145 163 24
145 259 5
145 644 4
145 829 8
146 82 8
146 99 24
146 366 17
146 430 5
146 461 5
146 514 25
146 538 0
146 726 4
146 760 7
146 920 3
147 136 22
147 291 25
147 294 22
147 332 17
147 356 9
147 565 5
147 714 17
147 720 25
147 882 4
147 943 7
148 10 24
148 62 0
148 77 8
148 164 22
148 211 22
148 211 23
148 211 13
148 232 24
148 449 25
148 563 22
148 624 22
148 830 9
148 929 2
148 929 1
28 20 6
28 128 22
28 128 3
28 270 2
28 403 25
28 403 0
28 619 1
28 882 0
149 4 25
149 422 12
149 445 4
149 477 6
149 635 24
149 635 13
149 858 25
149 924 16
15 43 6
15 100 22
15 114 7
15 319 22
15 450 0
15 470 9
15 529 5
15 641 13
15 641 6
15 689 6
150 76 23
150 87 0
150 88 1
150 160 17
150 298 25
150 409 9
150 422 17
150 482 6
150 559 3
150 917 5
150 917 3
151 104 22
151 104 3
151 147 5
151 735 16
151 806 0
103 20 1
103 169 2
103 169 6
103 216 3
103 250 0
103 250 8
103 275 7
103 275 6
103 282 25
103 301 6
103 314 16
103 349 0
103 370 25
103 370 8
103 372 16
103 443 8
103 793 3
103 806 25
103 858 9
103 858 5
103 858 13
103 858 22
103 871 22
103 880 23
103 880 22
152 67 22
152 77 3
152 101 9
152 101 1
152 211 3
152 243 0
152 272 7
152 274 2
152 286 7
152 365 25
152 403 2
152 481 24
152 497 16
152 498 5
152 558 12
152 558 8
152 610 13
152 631 7
152 631 0
152 680 0
152 952 7
153 70 23
153 325 13
153 337 7
153 484 5
153 719 17
153 748 5
153 909 13
153 909 16
154 8 17
154 8 5
154 207 25
154 207 24
154 213 17
154 231 16
154 231 4
154 398 22
154 448 12
154 634 25
154 725 23
154 780 22
154 781 25
154 979 0
154 979 1
154 979 8
154 995 23
155 97 13
155 130 5
155 233 16
155 256 22
155 256 3
155 258 3
155 294 9
155 294 25
155 320 2
155 406 1
155 406 3
155 464 7
155 556 24
155 581 3
155 815 23
155 850 24
156 194 1
156 493 8
156 493 24
156 493 17
156 529 7
156 788 25
156 877 8
156 913 9
156 915 5
29 106 25
29 505 4
29 577 17
29 732 23
29 832 22
29 949 4
157 181 22
157 185 16
157 371 4
157 376 13
157 376 16
157 661 17
157 705 4
157 749 0
157 942 6
158 18 24
158 148 25
158 201 2
158 242 17
158 242 24
158 413 25
158 483 5
158 593 7
158 888 17
158 912 2
159 44 2
159 44 4
159 59 25
159 73 6
159 159 8
159 169 17
159 337 16
159 351 13
159 356 12
159 478 8
159 562 8
159 566 25
159 663 6
159 752 6
159 842 9
159 907 3
159 986 6
16 60 13
16 60 25
16 61 13
16 70 0
16 70 24
16 195 12
16 667 22
16 718 17
16 796 13
16 800 17
16 800 0
16 826 12
16 854 17
16 937 23
160 222 25
160 400 0
160 487 4
160 524 4
160 558 17
160 686 13
160 686 25
160 731 17
160 731 4
160 825 22
160 894 12
104 49 17
104 49 25
104 49 4
104 89 6
104 172 6
104 431 3
104 675 5
104 785 22
104 937 25
161 36 25
161 190 3
161 234 13
161 339 2
161 500 16
161 635 2
161 833 9
161 841 25
161 867 2
162 68 2
162 266 16
162 536 4
162 673 16
162 749 12
163 130 2
163 162 16
163 177 12
163 254 9
163 254 23
163 587 16
163 705 23
163 767 7
163 952 5
164 3 24
164 239 16
164 283 8
164 412 4
164 860 16
164 984 22
3 11 7
3 24 8
3 177 24
3 233 1
3 515 17
3 554 1
165 194 6
165 247 24
165 482 22
165 589 8
165 610 17
165 697 22
165 697 1
165 830 9
165 856 2
165 988 22
166 56 25
166 151 16
166 435 9
166 435 24
166 464 7
166 464 25
166 581 9
166 724 17
166 730 25
166 949 4
167 166 5
167 171 6
167 367 0
167 450 1
167 501 8
167 524 16
167 641 17
167 641 16
167 979 3
168 24 5
168 60 7
168 272 9
168 276 25
168 276 23
168 276 7
168 433 23
168 433 12
168 589 22
168 601 3
168 601 22
168 678 3
168 738 9
168 749 5
168 865 2
168 907 24
169 108 16
169 122 2
169 170 25
169 170 0
169 171 0
169 262 2
169 262 23
169 275 9
169 693 17
169 716 24
169 796 25
169 796 0
169 805 3
169 893 25
169 959 9
169 959 7
17 138 13
17 253 9
17 253 0
17 462 9
17 508 0
17 581 13
17 706 12
17 797 6
105 24 16
105 90 8
105 124 23
105 306 24
105 467 5
105 479 16
105 525 13
105 557 6
105 594 23
105 612 5
105 641 6
105 774 13
105 787 22
105 859 4
105 932 9
105 932 4
170 4 22
170 281 24
170 430 22
170 443 17
170 447 25
170 704 9
170 765 24
170 874 4
171 18 1
171 92 6
171 109 24
171 261 25
171 411 9
171 411 25
171 461 25
171 486 6
171 517 2
171 591 24
171 636 3
171 688 1
171 814 9
172 43 22
172 43 3
172 259 22
172 260 13
172 260 16
172 260 4
172 398 24
172 450 17
172 450 1
172 852 22
172 897 8
172 897 0
172 944 13
172 953 17
172 953 6
30 87 16
30 142 2
30 175 3
30 317 9
30 333 1
30 372 0
30 473 17
30 872 13
30 990 4
173 0 24
173 351 22
173 529 25
173 696 17
173 767 24
173 893 22
174 58 9
174 200 12
174 388 4
174 405 13
174 410 7
174 682 4
174 919 9
175 15 25
175 51 2
175 562 7
175 602 22
175 602 6
175 622 22
175 644 16
175 774 16
175 882 9
176 172 5
176 229 0
176 341 7
176 371 3
176 589 6
176 593 17
176 761 25
176 788 17
177 199 22
177 242 17
177 300 22
177 386 22
177 804 17
177 867 16
178 36 4
178 115 25
178 136 7
178 316 2
178 361 0
178 364 1
178 429 8
178 986 16
179 32 3
179 103 9
179 342 12
179 342 17
179 360 17
179 360 24
179 360 16
179 425 17
179 777 17
179 828 8
179 957 9
179 993 25
106 11 1
106 149 4
106 241 17
106 374 8
106 398 24
106 468 4
106 468 24
106 468 2
106 512 4
106 613 13
106 791 3
106 887 13
106 970 25
106 981 17
106 981 12
18 37 5
18 41 25
18 122 17
18 325 22
18 368 5
18 513 17
18 522 13
18 522 24
18 650 1
18 790 4
18 790 23
18 864 23
180 69 25
180 127 22
180 454 13
180 454 8
180 477 9
180 631 2
180 782 4
180 895 24
180 895 16
180 914 1
31 116 13
31 227 6
31 449 4
31 486 24
31 541 22
31 607 4
31 676 4
31 757 23
31 796 24
31 871 9
31 880 17
181 35 3
181 50 0
181 151 25
181 181 9
181 181 17
181 186 13
181 215 1
181 399 24
181 440 23
181 470 25
181 532 4
181 709 17
181 709 12
181 724 22
181 831 25
182 430 22
182 759 17
182 822 0
182 867 22
182 873 8
183 22 4
183 22 2
183 274 16
183 329 17
183 416 3
183 416 24
183 445 25
183 470 6
183 552 23
183 667 13
183 667 0
183 709 25
183 709 0
183 762 23
183 779 22
183 854 2
183 854 25
183 854 23
183 909 16
183 994 16
184 51 7
184 77 4
184 82 7
184 82 16
184 115 6
184 249 9
184 453 9
184 537 24
184 559 24
184 563 24
184 693 22
184 801 2
184 905 24
185 44 12
185 224 1
185 224 24
185 281 4
185 283 2
185 285 24
185 459 24
185 497 12
185 497 8
185 609 2
185 727 24
185 845 24
185 877 25
185 955 6
185 955 0
185 998 9
186 105 24
186 205 5
186 205 3
186 239 17
186 442 17
186 482 23
186 495 3
186 818 0
187 51 2
187 84 7
187 101 16
187 533 6
187 681 22
187 705 22
187 722 16
187 725 25
187 881 3
188 81 6
188 81 24
188 148 23
188 167 9
188 209 12
188 231 12
188 364 17
188 470 3
188 741 16
188 789 16
32 0 13
32 91 3
32 127 17
32 189 7
32 189 16
32 377 16
32 377 23
32 403 12
32 695 5
32 710 22
32 710 7
32 764 22
32 851 3
32 851 6
32 954 9
107 46 5
107 46 1
107 101 17
107 102 22
107 558 24
107 587 12
107 740 4
107 795 0
107 875 8
33 165 22
33 165 7
33 165 16
33 168 16
33 196 23
33 463 0
33 482 16
33 568 4
33 568 16
33 617 4
33 631 25
33 636 3
33 666 25
33 713 6
33 770 9
33 791 3
34 271 17
34 348 0
34 478 3
34 686 2
34 791 0
35 16 5
35 16 13
35 134 17
35 216 9
35 332 24
35 358 1
35 412 25
35 455 9
35 711 8
35 867 24
35 913 2
35 976 13
35 976 16
36 76 8
36 171 5
36 249 7
36 655 23
36 679 2
36 882 2
109 104 1
109 196 22
109 205 16
109 256 12
109 346 17
109 346 4
109 346 12
109 493 1
109 526 25
109 917 17
109 925 8
37 90 25
37 121 23
37 179 22
37 179 6
37 443 17
37 444 6
37 456 25
37 630 9
37 704 5
37 704 7
37 735 24
37 738 7
37 887 25
37 896 9
37 896 0
38 67 5
38 67 22
38 67 16
38 126 8
38 242 24
38 251 5
38 251 22
38 328 22
38 372 5
38 757 9
38 757 8
38 795 22
38 811 16
39 73 1
39 429 25
39 767 5
39 941 25
4 48 0
4 183 9
4 422 24
4 471 23
4 842 8
40 5 6
40 54 12
40 54 24
40 54 25
40 101 1
40 471 13
40 664 16
40 664 25
19 390 13
19 407 2
19 428 8
19 683 22
19 711 17
41 50 3
41 228 17
41 379 7
41 392 22
41 466 22
41 475 24
41 636 4
41 636 23
41 737 5
42 272 4
42 328 1
42 433 0
42 479 8
42 670 9
42 719 8
42 826 17
42 948 8
43 22 5
43 22 24
43 167 2
43 172 2
43 175 4
43 175 0
43 352 25
43 377 9
43 459 9
43 502 2
43 589 13
43 633 2
43 684 17
43 785 9
43 785 24
43 785 25
43 944 22
43 944 4
43 971 8
44 22 4
44 152 0
44 173 9
44 233 4
44 233 23
44 263 7
44 274 3
44 274 5
44 318 22
44 336 9
44 336 23
44 336 1
44 432 2
44 672 25
44 672 8
44 778 2
44 943 6
45 351 25
45 564 22
45 564 4
45 807 17
45 891 22
45 891 23
11 500 8
11 661 16
11 777 16
11 838 3
11 849 25
11 970 2
46 48 22
46 101 13
46 101 3
46 135 8
46 226 25
46 334 13
46 383 0
46 410 0
46 429 6
46 522 23
46 582 13
46 695 7
46 893 25
47 88 12
47 92 4
47 259 25
47 347 22
47 347 1
47 460 25
47 608 23
47 628 2
47 705 7
47 705 8
47 789 9
47 872 4
47 923 1
48 22 1
48 61 25
48 88 17
48 167 25
48 177 17
48 202 1
48 376 4
48 386 23
48 530 24
48 530 3
48 759 16
48 831 3
48 856 17
49 95 24
49 134 3
49 256 2
49 572 9
49 640 23
49 642 17
49 701 4
49 701 1
49 786 3
2 13 4
2 160 25
2 308 24
2 513 12
2 558 9
2 558 7
2 859 23
5 57 5
5 197 1
5 228 22
5 335 8
5 554 24
5 568 22
5 684 22
5 684 3
5 684 5
5 738 25
5 850 2
5 854 24
5 912 1
5 912 16
50 99 25
50 245 22
50 329 13
50 418 1
50 479 25
50 572 24
50 612 9
50 636 16
50 887 25
51 76 24
51 111 9
51 147 17
51 178 4
51 339 3
51 389 4
51 904 5
51 985 4
52 43 13
52 157 25
52 157 0
52 483 1
52 483 12
52 808 0
52 920 22
53 137 3
53 347 8
53 347 6
53 474 22
53 520 23
53 743 23
53 942 24
54 224 7
54 224 24
54 299 4
54 340 7
54 365 4
54 459 12
54 508 7
54 844 13
110 30 23
110 85 17
110 97 23
110 620 24
110 639 22
110 662 8
110 669 1
110 708 8
110 708 1
110 804 9
110 901 17
55 57 8
55 214 2
55 260 23
55 508 17
55 655 4
55 730 2
55 906 13
55 938 25
55 955 6
55 968 3
56 79 0
56 265 4
56 284 24
56 323 8
56 476 7
56 527 2
56 527 16
56 947 5
57 89 16
57 89 12
57 212 17
57 212 23
57 261 22
57 313 17
57 470 8
57 623 22
57 665 23
57 767 2
20 130 16
20 273 23
20 382 22
20 620 5
20 620 3
20 706 1
20 848 22
20 848 23
58 137 7
58 169 23
58 194 22
58 195 1
58 307 12
58 320 3
58 322 8
58 393 17
58 430 4
58 571 17
58 571 12
58 571 23
58 608 12
58 608 8
58 654 12
58 696 5
58 813 22
58 830 2
58 845 12
59 199 2
59 199 17
59 462 7
59 595 24
59 612 12
59 954 24
59 997 1
6 29 8
6 231 16
6 253 6
6 302 25
6 302 23
6 366 22
6 678 4
6 742 7
6 765 24
6 831 5
6 858 13
6 879 23
6 954 7
60 29 22
60 143 7
60 230 17
60 230 6
60 326 17
60 326 24
60 326 3
60 417 22
60 417 1
60 417 16
60 758 1
60 801 8
60 993 16
61 97 22
61 346 22
61 346 3
61 368 23
61 490 9
61 543 4
62 109 7
62 109 0
62 120 9
62 265 17
62 317 7
62 430 1
62 430 4
62 605 24
62 605 0
62 704 13
62 724 4
62 728 17
62 728 1
62 877 16
63 20 9
63 20 24
63 96 6
63 273 22
63 291 0
63 708 2
63 708 6
63 844 4
63 915 5
63 951 23
111 18 24
111 232 5
111 237 3
111 237 6
111 237 12
111 436 23
111 505 22
111 585 8
111 768 25
111 768 8
111 874 9
111 874 17
111 874 12
111 943 25
64 402 16
64 448 23
64 448 6
64 513 16
64 595 23
64 658 23
64 898 23
64 987 17
64 987 25
64 989 7
64 989 8
65 141 24
65 398 6
65 480 24
65 482 0
65 553 1
65 572 0
65 576 6
65 576 23
65 702 16
65 727 1
65 788 16
65 909 25
65 986 2
21 70 25
21 72 25
21 198 5
21 212 13
21 212 22
21 459 16
21 467 0
21 491 9
21 553 9
21 790 16
21 894 8
21 903 12
21 903 25
66 177 4
66 234 24
66 370 22
66 549 9
66 582 1
66 651 23
66 742 17
66 777 2
66 909 5
66 909 7
66 942 23
66 973 8
66 975 8
67 194 12
67 375 8
67 378 16
67 378 3
67 419 12
67 456 1
67 805 17
67 926 17
68 77 24
68 150 23
68 219 24
68 231 4
68 565 12
68 768 22
69 110 13
69 110 5
69 155 24
69 170 9
69 178 23
69 178 4
69 338 9
69 386 9
69 386 6
69 424 0
69 451 24
69 485 7
69 508 23
69 583 9
69 705 17
69 764 4
69 925 17
7 125 24
7 148 9
7 148 1
7 192 25
7 317 1
7 508 6
7 661 3
7 700 9
7 700 24
7 701 2
7 782 24
7 782 13
7 824 24
7 873 12
7 873 23
7 899 2
7 899 3
7 945 5
70 132 22
70 263 25
70 263 4
70 278 3
70 336 25
70 336 23
70 572 5
70 703 25
70 837 17
70 917 23
70 941 12
71 196 2
71 237 1
71 352 25
71 368 24
71 416 2
71 416 1
71 511 8
71 637 9
71 641 8
71 690 4
71 788 2
71 946 24
71 966 0
71 996 25
72 46 9
72 92 9
72 254 24
72 571 4
72 621 25
72 859 8
72 861 4
112 42 17
112 135 13
112 456 16
112 508 16
112 528 4
112 826 9
112 826 8
112 899 24
112 958 9
112 958 5
73 111 0
73 226 17
73 226 12
73 358 17
73 370 9
73 394 22
73 394 13
73 429 23
73 446 17
73 446 2
73 454 6
73 469 22
73 583 0
73 583 8
73 640 6
73 745 5
73 792 23
22 61 0
22 161 2
22 374 1
22 675 2
22 804 25
74 35 16
74 35 2
74 181 5
74 181 6
74 182 16
74 482 12
74 612 9
74 995 25
75 49 22
75 142 4
75 219 4
75 232 0
75 496 25
75 503 16
75 727 7
75 813 24
75 900 4
75 924 9
75 924 1
76 28 22
76 63 22
76 139 9
76 148 17
76 168 25
76 303 8
76 333 2
76 476 13
76 525 1
76 658 8
76 700 23
76 769 8
76 769 12
77 142 5
77 461 2
77 461 13
77 461 1
77 523 23
77 568 23
77 908 22
78 362 17
78 682 6
79 3 6
79 3 13
79 165 17
79 232 22
79 232 24
79 261 13
79 362 5
79 362 16
79 710 23
79 732 25
79 732 12
8 49 17
8 58 25
8 316 5
8 316 23
8 394 12
8 470 24
8 470 1
8 536 23
8 602 0
8 647 4
8 758 9
8 758 13
8 758 7
8 869 17
8 959 12
80 7 1
80 7 24
80 36 24
80 565 8
80 724 22
80 724 3
80 834 8
80 980 1
80 996 8
81 116 23
81 150 0
81 233 7
81 368 23
81 382 1
81 585 3
81 779 0
81 950 25
113 152 17
113 276 22
113 276 4
113 327 25
113 690 0
113 748 1
113 890 16
113 922 17
23 259 1
23 350 2
23 421 2
23 555 2
23 968 6
82 14 1
82 157 9
82 157 5
82 157 16
82 245 16
82 315 24
82 621 17
82 750 17
82 801 23
82 921 25
83 75 23
83 126 17
83 187 12
83 403 1
83 417 25
83 417 2
83 547 24
83 605 6
83 963 24
84 190 5
84 190 16
84 301 22
84 310 17
84 555 3
84 689 17
84 720 1
84 863 13
84 863 2
85 169 9
85 220 16
85 259 23
85 463 6
85 858 23
85 956 9
86 119 1
86 919 12
86 966 6
87 356 9
87 405 24
87 567 12
87 724 23
87 760 3
87 786 5
87 926 0
87 975 24
88 227 1
88 227 12
88 266 24
88 561 23
88 762 9
88 762 16
88 902 1
88 902 3
89 154 5
89 316 3
89 436 25
89 436 24
89 446 17
89 496 24
89 579 9
89 624 3
89 684 16
89 687 16
89 750 9
9 198 24
9 249 7
9 264 22
9 404 24
9 404 1
9 454 25
9 454 8
9 560 6
9 580 6
9 591 6
9 607 3
9 647 5
9 647 2
90 76 9
90 141 1
90 161 9
90 181 16
90 457 8
90 896 16
90 935 4
24 92 0
24 156 4
24 156 2
24 165 12
24 211 13
24 211 23
24 247 5
24 381 22
24 381 23
24 386 1
24 386 16
24 442 1
24 517 17
24 517 24
24 555 1
24 623 17
24 789 8
24 816 1
24 854 6
24 887 9
24 887 4
114 47 1
114 47 7
114 154 2
114 256 17
114 315 2
114 315 1
114 496 3
114 705 25
114 808 7
114 918 8
114 958 22
114 990 13
91 66 4
91 128 24
91 157 22
91 169 13
91 169 5
91 234 9
91 433 8
91 547 6
91 746 7
92 57 24
92 343 7
92 343 16
92 352 9
92 352 1
92 425 23
92 615 17
93 1 22
93 106 17
93 509 17
93 592 25
93 661 2
93 661 23
93 709 22
93 709 0
93 770 25
93 770 7
93 770 16
93 906 5
93 993 23
94 43 17
94 60 8
94 156 25
94 161 1
94 437 24
94 545 4
94 567 16
94 669 16
94 669 3
94 782 0
94 978 0
95 129 24
95 205 25
95 205 8
95 224 8
95 431 24
95 778 23
95 784 5
95 918 12
95 934 17
95 942 22
95 971 9
96 33 22
96 36 17
96 36 13
96 56 24
96 191 3
96 191 4
96 229 5
96 334 22
96 420 12
96 506 17
96 515 0
96 590 5
96 590 8
96 612 17
96 692 25
96 692 8
96 732 22
96 732 17
96 902 3
97 13 22
97 269 23
97 399 6
97 404 1
97 535 0
97 575 2
97 594 17
97 860 4
97 916 24
98 29 22
98 29 3
98 376 0
98 523 23
98 526 22
98 526 5
98 576 9
98 658 6
98 680 16
98 728 24
98 762 5
115 77 12
115 77 16
115 111 25
115 111 6
115 503 17
115 503 4
115 768 25
115 807 23
115 840 0
115 905 17
115 905 22
115 951 1
