89 843 25
16 721 25
86 868 12
7 995 12
153 520 2
135 327 4
121 372 0
100 489 12
88 725 9
127 98 24
139 525 23
192 367 7
33 751 24
112 190 0
177 875 9
144 769 16
10 177 22
106 951 23
35 564 13
25 159 17
38 373 7
184 47 16
119 690 24
124 440 9
109 366 24
54 194 16
54 51 16
163 475 9
33 808 22
130 523 9
183 318 2
57 634 9
162 794 0
168 919 0
23 399 25
30 94 7
175 714 25
16 864 1
121 389 24
80 667 16
103 515 3
21 99 3
170 62 16
178 8 1
180 48 17
3 298 7
109 808 23
9 54 9
69 222 0
110 240 13
65 585 4
56 629 0
96 869 24
103 520 4
116 955 23
43 986 24
56 629 9
69 879 9
115 516 13
149 502 6
99 85 1
34 86 16
137 560 23
82 767 23
186 214 16
159 134 0
103 899 23
44 420 7
73 141 25
4 778 25
86 129 16
139 49 24
38 65 25
188 82 6
86 129 13
119 743 8
194 703 8
19 237 12
136 893 24
127 425 4
22 831 0
169 850 9
28 270 3
4 357 1
103 64 17
23 534 24
129 603 17
99 770 6
152 85 25
77 945 9
104 157 8
80 667 3
161 479 12
97 220 25
92 802 0
123 849 12
135 400 17
115 937 17
153 30 7
85 867 4
184 320 16
42 665 3
27 696 17
99 653 12
194 729 2
17 900 1
175 789 0
17 800 17
123 631 7
82 859 17
148 393 5
103 297 8
186 573 24
25 838 25
136 686 5
137 437 3
93 621 24
60 74 16
112 416 12
55 711 4
142 143 4
158 801 16
69 649 24
67 58 1
96 192 24
38 176 2
21 665 0
85 209 1
116 445 0
169 509 25
57 478 4
185 812 23
67 373 17
145 832 16
101 877 0
50 658 24
119 565 16
105 464 24
174 381 16
136 984 3
107 41 7
19 356 12
86 709 23
72 702 4
177 693 23
67 45 25
38 28 12
179 181 8
143 450 17
150 243 1
162 458 22
145 36 22
15 126 6
3 982 8
14 450 12
191 100 0
57 96 2
10 499 6
36 395 25
4 843 24
140 581 7
4 357 0
135 884 16
9 113 24
81 534 2
112 966 8
7 147 8
53 501 7
102 495 12
171 489 12
196 748 24
48 460 22
9 713 5
189 883 2
72 121 22
61 311 24
32 378 13
124 135 25
26 477 2
114 605 25
89 684 4
97 261 16
1 641 16
25 159 5
29 651 5
34 360 22
176 974 13
12 62 0
190 499 7
143 262 25
107 301 4
151 561 23
32 399 25
42 155 22
62 878 12
113 758 23
87 750 23
33 437 17
104 406 4
54 339 3
182 349 0
144 213 16
11 159 23
152 546 25
22 410 13
181 168 23
61 665 16
139 765 12
42 334 23
31 815 16
186 971 25
1 265 16
195 816 1
120 748 17
144 392 1
47 199 25
32 630 16
137 831 23
33 742 8
189 911 1
26 593 6
22 629 23
113 780 23
197 968 1
106 51 16
30 740 24
27 316 4
138 75 13
40 47 24
57 305 17
145 698 24
120 132 13
90 488 16
81 678 8
59 13 24
198 448 16
123 272 3
140 188 24
189 455 23
133 507 2
86 221 16
173 202 13
45 349 17
159 139 12
173 202 16
61 459 4
198 361 4
180 678 23
103 883 25
46 345 7
150 761 13
135 665 3
189 460 3
136 513 24
171 118 1
69 831 13
164 960 25
160 506 17
118 989 4
8 899 0
148 805 25
74 724 16
179 506 8
17 535 13
72 744 7
142 998 22
98 895 2
28 832 12
94 164 23
149 940 7
188 485 24
85 618 25
70 129 1
65 817 9
14 790 1
136 635 23
93 808 5
166 381 9
97 887 1
63 479 16
122 665 2
9 682 25
135 44 24
102 825 12
21 964 4
32 338 16
163 689 16
128 473 8
86 431 4
68 814 3
60 889 8
86 709 4
29 64 17
110 982 4
101 937 24
172 342 23
83 700 1
124 367 24
97 908 5
150 243 24
63 2 13
89 209 24
52 47 16
31 395 25
191 402 2
188 704 0
151 936 4
32 313 17
194 306 7
49 519 23
67 141 4
95 567 16
197 638 0
78 979 16
108 730 24
37 340 16
66 958 4
103 372 13
61 763 1
162 762 16
141 103 22
182 434 24
11 126 9
193 217 7
193 525 22
139 297 0
98 359 24
172 561 22
172 557 25
179 311 4
48 522 23
107 916 17
33 879 24
186 467 3
169 78 23
95 203 17
31 822 2
27 916 24
108 509 5
193 218 17
148 590 1
125 570 6
17 97 1
114 984 9
134 12 9
127 135 0
92 239 22
8 763 25
92 541 17
195 588 0
140 992 17
52 318 2
79 78 24
67 821 8
93 875 0
75 117 23
81 699 0
28 290 9
11 884 1
19 859 8
8 516 16
44 256 4
147 112 24
73 5 13
105 208 5
72 72 2
102 135 23
90 941 24
189 765 23
46 190 16
33 675 25
147 141 4
19 201 5
102 106 6
56 236 2
56 108 12
149 999 24
175 319 16
118 506 24
95 639 16
112 364 9
124 401 3
73 919 1
73 5 0
113 166 7
105 953 3
152 197 22
19 294 12
83 343 24
40 20 24
99 567 7
1 652 13
127 95 22
126 146 1
35 70 12
104 433 1
43 678 12
16 824 12
197 486 12
57 775 3
94 904 9
37 911 1
35 990 24
4 405 5
67 787 3
7 163 13
134 261 13
31 562 6
176 916 22
183 79 4
178 727 13
97 599 24
84 587 6
169 533 17
128 280 3
108 44 7
41 236 2
1 307 0
23 817 24
157 224 1
190 904 16
117 757 17
114 200 17
101 34 12
169 271 9
135 778 23
135 778 22
47 423 22
10 308 23
49 502 12
193 279 22
36 236 25
36 236 24
18 860 13
78 524 22
157 938 24
97 45 12
74 744 24
18 730 7
149 589 2
34 126 22
79 310 16
59 636 24
126 253 17
95 27 8
79 310 13
3 510 7
180 501 25
4 151 16
103 207 0
73 559 0
176 310 6
31 543 23
139 445 16
141 215 0
172 748 17
176 487 22
185 266 8
164 40 9
95 985 0
152 883 22
145 470 6
134 302 17
47 164 4
33 939 24
46 505 1
77 32 25
163 567 4
96 554 5
86 8 24
167 777 9
17 600 12
165 360 8
191 828 17
44 750 24
112 18 9
39 42 23
68 806 16
47 485 7
10 126 1
184 49 17
23 16 3
175 688 23
81 826 12
169 682 17
124 493 23
90 556 8
56 803 24
100 571 7
196 947 4
11 511 9
107 523 6
164 934 4
168 69 12
48 287 1
19 304 17
101 133 1
60 147 2
45 183 24
33 311 0
172 27 17
166 268 5
153 400 24
66 347 9
119 304 25
45 183 1
50 957 16
168 777 0
29 480 13
112 399 5
174 394 16
66 886 17
33 698 1
137 82 7
129 921 9
104 154 24
29 35 4
185 159 13
186 471 6
33 511 22
65 63 8
153 489 24
109 60 5
70 578 24
97 887 8
166 41 5
29 692 2
54 782 24
92 555 24
123 619 13
176 165 2
27 337 4
69 52 24
180 66 24
156 755 24
42 353 25
130 330 13
140 527 25
17 324 6
16 746 9
22 218 22
4 843 7
4 843 3
146 916 22
52 741 9
65 765 9
74 664 2
35 663 17
108 351 25
55 33 5
178 715 9
158 699 22
45 740 24
150 540 12
175 947 2
83 12 2
53 103 24
130 330 24
182 63 25
119 950 23
195 988 16
20 769 12
129 231 9
120 132 16
122 817 5
150 720 16
67 335 24
41 94 4
25 703 4
144 982 17
27 926 17
153 435 7
137 45 16
76 104 4
13 738 25
48 567 22
55 488 0
36 669 24
114 74 22
58 827 0
173 336 4
59 292 1
141 269 25
85 852 25
188 189 24
154 712 25
55 385 16
29 886 2
42 434 6
87 996 9
105 763 8
198 362 2
188 450 25
194 336 2
77 553 17
48 975 24
12 894 22
107 193 8
11 2 12
182 761 25
182 761 24
26 797 9
131 302 16
121 467 12
39 546 1
96 554 22
174 976 12
166 439 7
114 700 17
6 553 25
39 546 9
147 172 22
166 414 17
75 403 7
185 873 0
86 988 25
142 495 12
43 238 1
83 652 16
16 122 16
188 774 16
58 177 6
84 525 9
135 343 0
2 235 23
74 519 12
17 736 24
16 609 24
179 386 0
132 282 12
45 695 22
185 642 6
11 709 0
167 675 25
36 791 23
61 471 25
16 809 24
42 393 24
75 997 16
78 926 0
84 505 6
157 444 6
91 643 17
175 681 24
150 63 25
10 251 22
166 918 12
101 246 23
17 736 16
68 472 16
Running over: /nfs-7/userdata/bemarsh/milliqan/geant_ntuples/v5_v6_save2m_testcondor_GEANT_v2/dy.root
80 552 2
94 557 7
44 558 25
35 786 25
92 630 22
132 517 24
129 306 12
153 375 1
67 141 16
3 497 23
112 364 24
170 507 3
141 874 22
97 752 22
92 838 9
182 796 4
15 374 2
130 640 12
32 576 1
120 944 23
15 962 9
174 835 16
66 330 6
19 531 12
153 416 25
196 274 25
170 981 5
23 131 8
143 656 24
27 757 17
131 310 5
176 992 1
156 171 16
14 820 17
97 418 17
135 715 1
88 588 16
141 336 9
64 983 25
57 792 25
164 310 8
37 618 8
183 81 17
116 564 3
39 260 7
39 682 23
35 2 9
34 474 25
158 448 24
28 647 6
76 379 7
184 884 22
36 422 9
74 351 24
170 845 23
80 944 25
3 930 5
46 162 13
182 984 7
176 589 24
103 820 16
48 975 1
109 3 25
130 400 12
55 854 5
63 431 7
52 587 17
179 191 24
166 356 16
185 812 3
15 498 5
30 158 12
62 878 8
26 87 24
94 335 16
57 962 22
193 928 5
46 318 22
32 121 5
112 175 0
142 160 3
19 327 1
158 357 2
103 1 5
161 862 5
161 862 4
120 476 22
141 982 6
154 496 16
26 741 4
4 312 1
150 759 5
51 787 1
39 914 4
172 101 16
59 217 1
132 634 4
181 946 16
23 806 24
80 889 4
118 188 12
32 545 17
3 313 23
129 908 13
65 38 16
16 299 3
78 21 4
64 750 6
189 460 12
46 870 24
100 942 24
17 64 12
47 164 12
168 130 3
70 195 23
71 956 3
192 752 24
121 897 13
175 406 8
55 649 0
49 210 8
19 464 12
144 885 24
185 178 3
123 145 4
54 470 0
86 925 23
77 185 6
44 382 12
109 808 4
21 742 24
34 838 22
5 860 7
144 667 23
12 69 6
195 259 23
179 827 12
36 939 6
72 401 1
77 162 1
130 583 12
193 551 17
164 539 23
15 264 0
102 287 25
89 742 5
143 911 13
168 865 17
81 940 12
44 1 1
47 530 25
128 531 22
93 581 12
67 24 1
199 187 24
91 453 6
156 190 8
127 275 4
66 958 2
77 930 16
37 994 24
102 510 2
156 997 3
180 367 24
81 972 24
199 82 4
99 374 22
21 382 24
77 125 23
161 308 6
61 546 0
123 467 16
69 650 4
166 239 8
122 475 6
46 683 17
47 334 22
104 741 24
169 271 24
121 235 16
79 953 1
77 553 12
139 244 24
192 559 22
1 242 7
10 31 0
187 810 8
107 177 1
189 486 6
184 459 2
193 279 24
157 863 3
77 963 0
127 381 8
53 228 0
42 147 17
81 444 6
60 872 16
129 857 13
194 755 16
91 371 25
8 239 17
67 339 16
108 662 4
171 756 24
38 928 24
101 486 1
140 558 22
102 774 12
45 960 25
137 121 23
158 963 16
84 493 16
144 699 22
168 515 17
17 736 9
69 870 0
141 530 23
115 163 24
135 640 1
10 520 1
139 374 16
129 745 1
178 736 17
80 667 25
165 937 1
23 389 4
48 515 0
155 305 23
69 565 8
131 271 0
137 238 16
125 303 3
85 510 6
86 431 23
45 381 2
44 841 5
44 841 7
155 946 1
144 514 24
120 921 2
139 388 16
164 145 16
148 942 8
118 506 1
30 973 12
172 869 16
199 276 8
79 283 13
36 764 1
1 745 16
42 896 4
195 119 1
153 785 7
140 798 4
153 422 24
35 89 16
153 0 8
88 503 22
14 282 0
81 242 6
175 904 0
106 28 16
91 841 16
21 665 25
142 862 2
105 784 0
46 896 25
170 147 16
79 825 23
36 329 7
152 377 9
94 915 1
77 234 5
98 994 0
138 457 23
72 408 13
194 336 24
127 817 24
62 126 24
179 193 16
86 76 25
90 413 9
39 914 3
67 175 16
192 911 25
147 533 24
100 476 17
122 51 25
6 649 22
176 24 16
110 254 7
148 329 12
58 239 8
75 264 5
58 314 4
23 399 8
133 519 3
161 963 25
44 775 16
160 119 5
79 684 3
174 815 0
48 215 4
92 213 24
27 344 4
63 748 17
108 800 12
177 446 17
190 595 6
108 800 17
195 362 7
127 726 22
189 590 12
13 329 2
158 687 5
187 931 25
18 945 1
172 609 23
61 962 8
163 315 25
107 81 17
74 517 13
28 689 23
49 907 4
188 256 0
2 184 4
20 8 17
152 608 6
92 533 16
32 14 6
60 889 7
15 885 4
14 206 0
108 219 24
193 829 3
63 282 16
76 892 23
28 283 4
1 495 5
1 495 8
48 460 23
130 655 2
121 53 16
122 824 22
154 15 8
163 807 6
91 258 23
62 988 16
183 457 22
176 624 16
190 477 17
97 294 22
114 828 6
188 386 24
36 422 24
144 64 0
6 888 1
45 974 23
47 472 24
91 505 7
127 311 2
150 353 0
68 810 25
144 514 23
11 910 24
199 168 24
58 676 16
124 74 3
49 855 22
31 164 9
184 994 16
179 117 24
20 429 7
170 507 25
90 71 6
153 2 17
71 386 22
6 191 0
196 973 23
163 349 12
124 336 23
145 772 13
92 365 3
81 432 22
105 570 25
41 701 1
68 535 24
85 563 4
67 391 7
155 948 17
91 41 9
129 592 9
174 549 12
70 712 9
12 185 23
180 825 16
60 354 17
104 365 23
1 52 13
156 43 0
11 249 9
1 593 22
29 890 25
157 523 24
120 541 24
196 53 2
100 478 6
119 967 2
117 646 7
178 184 4
43 728 7
180 656 24
102 825 16
194 231 5
150 924 1
179 4 9
41 544 0
124 440 24
55 991 16
32 447 23
119 172 24
183 345 3
199 291 1
107 612 4
70 787 17
68 614 24
13 310 5
142 377 7
148 109 8
93 154 13
53 228 13
198 139 23
84 34 13
50 992 7
199 4 24
27 878 16
22 951 6
198 925 3
135 147 16
151 469 23
131 34 25
194 298 16
178 715 24
119 602 0
73 277 0
158 310 6
30 492 9
175 305 2
11 289 4
69 64 2
29 847 24
93 115 23
5 419 4
45 288 9
194 97 6
32 850 22
75 312 25
13 429 25
97 396 12
188 767 23
139 987 23
68 297 3
58 750 12
154 732 9
4 285 2
39 989 24
189 114 25
58 772 13
135 72 17
25 703 8
192 662 2
113 725 0
166 733 16
134 422 23
78 709 9
191 340 12
146 198 12
189 808 4
131 914 25
139 813 12
141 384 24
47 216 24
187 764 13
182 300 25
182 24 13
66 810 25
113 367 24
96 998 8
113 800 25
186 527 5
43 678 0
96 478 23
129 306 0
148 198 12
45 288 8
68 111 24
144 463 13
58 646 12
115 960 17
