143 771 7
44 725 4
183 455 2
187 146 12
183 147 6
107 78 2
94 183 17
194 284 16
143 180 3
115 36 0
41 967 6
99 906 16
78 410 16
37 614 4
70 714 23
188 399 9
129 513 16
62 704 2
164 893 6
1 799 23
127 139 16
77 952 4
86 71 23
78 860 4
127 754 0
57 634 4
100 645 13
197 609 24
20 183 7
17 633 0
179 320 4
48 892 3
112 580 22
72 518 17
14 970 4
113 839 0
180 755 3
123 80 23
36 422 4
158 15 8
12 715 8
198 805 25
134 857 3
132 741 16
101 762 6
97 109 1
77 162 4
113 973 7
33 611 16
189 535 6
109 889 8
48 868 5
152 516 24
16 385 4
109 842 3
166 309 4
146 891 17
